0D235
0D236
0D237
0D238
0D239
0D240
0D241
0D242
0D243
0D244
0D245
0D246
0D247
0D248
0D249
0D250
0D251
0D252
0D253
0D254
0D255
0D256
0D257
0D258
0D259
0D260
0D261
0D262
0D263
0D264
0D265
0D266
0D267
0D268
0D269
0D270
0D271
0D272
0D273
0D274
0D275
0D276
0D277
0D278
0D279
0D280
0D281
0D282
0D283
0D284
0D285
0D286
0D287
0D288
0D289
0D290
0D291
0D292
0D293
0D294
0D295
0D296
0D297
0D298
0D299
0D300
0D301
0D302
0D303
0D304
0D305
0D306
0D307
0D308
0D309
0D310
0D311
0D312
0D313
0D314
0D315
0D316
0D317
0D318
0D319
0D320
0D321
0D322
0D323
0D324
0D325
0D326
0D327
0D328
0D329
0D330
0D331
0D332
0D333
0D334
0D335
0D336
0D337
0D338
0D339
0D340
0D341
0D342
0D343
0D344
0D345
0D346
0D347
0D348
0D349
0D350
0D351
0D352
0D353
0D354
0D355
0D356
0D357
0D358
0D359
0D360
0D361
0D362
0D363
0D364
0D365
0D366
0D367
0D368
0D369
0D370
0D371
0D372
0D373
0D374
0D375
0D376
0D377
0D378
0D379
0D380
0D381
0D382
0D383
0D384
0D385
0D386
0D387
0D388
0D389
0D390
0D391
0D392
0D393
0D394
0D395
0D396
0D397
0D398
0D399
0D400
0D401
0D402
0D403
0D404
0D405
0D406
0D407
0D408
0D409
0D410
0D411
0D412
0D413
0D414
0D415
0D416
0D417
0D418
0D419
0D420
0D421
0D422
0D423
0D424
0D425
0D426
0D427
0D428
0D429
0D430
0D431
0D432
0D433
0D434
0D435
0D436
0D437
0D438
0D439
0D440
0D441
0D442
0D443
0D444
0D445
0D446
0D447
0D448
0D449
0D450
0D451
0D452
0D453
0D454
0D455
0D456
0D457
0D458
0D459
0D460
0D461
0D462
0D463
0D464
0D465
0D466
0D467
0D468
0D469
0D470
0D471
0D472
0D473
0D474
0D475
0D476
0D477
0D478
0D479
0D480
0D481
0D482
0D483
0D484
0D705
0D706
0D707
0D708
0D709
0D710
0D711
0D712
0D713
0D714
0D715
0D716
0D717
0D718
0D719
0D720
0D721
0D722
0D723
0D724
0D725
0D726
0D727
0D728
0D729
0D730
0D731
0D732
0D733
0D734
0D735
0D736
0D737
0D738
0D739
0D740
0D741
0D742
0D743
0D744
0D745
0D746
0D747
0D748
0D749
0D750
0D751
0D752
0D753
0D754
0D755
0D756
0D757
0D758
0D759
0D760
0D761
0D762
0D763
0D764
0D765
0D766
0D767
0D768
0D769
0D770
0D771
0D772
0D773
0D774
0D775
0D776
0D777
0D778
0D779
0D780
0D781
0D782
0D783
0D784
0D785
0D786
0D787
0D788
0D789
0D790
0D791
0D792
0D793
0D794
0D795
0D796
0D797
0D798
0D799
0D800
0D801
0D802
0D803
0D804
