9 1 03
10 2 03
11 3 03
12 4 03
13 5 03
14 6 03
15 7 03
16 8 03
17 9 03
18 10 03
19 11 03
20 12 03
21 13 03
22 14 03
23 15 03
24 16 03
25 17 03
26 18 03
27 19 03
28 20 03
29 21 03
30 22 03
31 23 03
32 24 03
33 25 03
34 26 03
35 27 03
36 28 03
37 29 03
38 30 03
39 31 03
40 32 03
41 33 03
42 34 03
43 35 03
44 36 03
45 37 03
46 38 03
47 39 03
48 40 03
49 41 04
50 42 04
51 43 04
52 44 04
53 45 04
54 46 04
55 47 04
56 48 04
57 49 04
58 50 04
59 51 04
60 52 04
61 53 04
62 54 04
63 55 04
64 56 04
65 57 04
66 58 04
67 59 04
68 60 04
69 61 04
70 62 04
71 63 04
72 64 04
73 65 04
74 66 04
75 67 04
76 68 04
77 69 04
78 70 04
79 71 04
80 72 04
81 73 04
82 74 04
83 75 04
84 76 04
85 77 04
86 78 04
87 79 04
88 80 04
89 81 05
90 82 05
91 83 05
92 84 05
93 85 05
94 86 05
95 87 05
96 88 05
97 89 05
98 90 05
99 91 05
100 92 05
101 93 05
102 94 05
103 95 05
104 96 05
105 97 05
106 98 05
107 99 05
108 100 05
109 101 05
110 102 05
111 103 05
112 104 05
113 105 05
114 106 05
115 107 05
116 108 05
117 109 05
118 110 05
119 111 05
120 112 05
121 113 05
122 114 05
123 115 05
124 116 05
125 117 05
126 118 05
127 119 05
128 120 05
129 233 06
130 234 06
131 235 06
132 236 06
133 237 06
134 238 06
135 239 06
136 240 06
137 241 06
138 242 06
139 243 06
140 244 06
141 245 06
142 246 06
143 247 06
144 248 06
145 249 06
146 250 06
147 251 06
148 252 06
149 253 06
150 254 06
151 255 06
152 256 06
153 257 06
154 258 06
155 259 06
156 260 06
157 261 06
158 262 06
159 263 06
160 264 06
161 265 06
162 266 06
163 267 06
164 268 06
165 269 06
166 270 06
167 271 06
168 272 06
169 273 07
170 274 07
171 275 07
172 276 07
173 277 07
174 278 07
175 279 07
176 280 07
177 281 07
178 282 07
179 283 07
180 284 07
181 285 07
182 286 07
183 287 07
184 288 07
185 289 07
186 290 07
187 291 07
188 292 07
189 293 07
190 294 07
191 295 07
192 296 07
193 297 07
194 298 07
195 299 07
196 300 07
197 301 07
198 302 07
199 303 07
200 304 07
505 121 03
506 122 03
507 123 03
508 124 03
509 125 03
510 126 03
511 127 03
512 128 03
513 129 03
514 130 03
515 131 03
516 132 03
517 133 03
518 134 03
519 135 03
520 136 03
521 137 03
522 138 03
523 139 03
524 140 03
525 141 03
526 142 03
527 143 03
528 144 03
529 145 04
530 146 04
531 147 04
532 148 04
533 149 04
534 150 04
535 151 04
536 152 04
537 153 04
538 154 04
539 155 04
540 156 04
541 157 04
542 158 04
543 159 04
544 160 04
545 161 04
546 162 04
547 163 04
548 164 04
549 165 04
550 166 04
551 167 04
552 168 04
553 169 05
554 170 05
555 171 05
556 172 05
557 173 05
558 174 05
559 175 05
560 176 05
561 177 05
562 178 05
563 179 05
564 180 05
565 181 05
566 182 05
567 183 05
568 184 05
569 185 05
570 186 05
571 187 05
572 188 05
573 189 05
574 190 05
575 191 05
576 192 05
577 193 06
578 194 06
579 195 06
580 196 06
581 197 06
582 198 06
583 199 06
584 200 06
585 201 06
586 202 06
587 203 06
588 204 06
589 205 06
590 206 06
591 207 06
592 208 06
593 209 06
594 210 06
595 211 06
596 212 06
597 213 06
598 214 06
599 215 06
600 216 06
601 217 07
602 218 07
603 219 07
604 220 07
605 221 07
606 222 07
607 223 07
608 224 07
609 225 07
610 226 07
611 227 07
612 228 07
613 229 07
614 230 07
615 231 07
616 232 07
