1	F6 02 
2	F6 02 
3	F8 02 
4	F9 02 
5	F9 02 
6	CC 02 
7	C2 02 
8	CD 02 
9	C2 02 
10	CD 02 
11	C2 02 
12	CD 02 
13	C3 02 
14	CE 02 
15	C3 02 
16	CE 02 
17	C3 02 
18	CE 02 
19	C4 02 
20	B3 01 
21	C4 02 
22	CF 02 
23	C4 02 
24	B3 01 
25	C5 02 
26	CF 02 
27	C5 02 
28	B3 01 
29	C5 02 
30	81 01 
31	C6 02 
32	4F 01 
33	C6 02 
34	CF 02 
35	C6 02 
36	B4 01 
37	C7 02 
38	81 01 
39	C7 02 
40	4F 01 
41	C7 02 
42	1D 01 
43	C8 02 
44	EB 00 
45	C8 02 
46	D0 02 
47	C8 02 
48	B4 01 
49	C9 02 
50	81 01 
51	C9 02 
52	4F 01 
53	C9 02 
54	1D 01 
55	CA 02 
56	EB 00 
57	CA 02 
58	D0 02 
59	CA 02 
60	B4 01 
61	CB 02 
62	82 01 
63	CB 02 
64	50 01 
65	CB 02 
66	EF 00 
67	21 01 
68	53 01 
69	85 01 
70	B7 01 
71	EF 00 
72	21 01 
73	53 01 
74	85 01 
75	B7 01 
76	F0 00 
77	22 01 
78	54 01 
79	86 01 
80	B8 01 
81	F0 00 
82	22 01 
83	54 01 
84	86 01 
85	B8 01 
86	F0 00 
87	22 01 
88	54 01 
89	86 01 
90	B8 01 
91	F1 00 
92	23 01 
93	55 01 
94	87 01 
95	B9 01 
96	F1 00 
97	23 01 
98	55 01 
99	87 01 
100	B9 01 
101	F1 00 
102	23 01 
103	55 01 
104	87 01 
105	B9 01 
106	F2 00 
107	24 01 
108	56 01 
109	88 01 
110	BA 01 
111	F2 00 
112	24 01 
113	56 01 
114	88 01 
115	BA 01 
116	F2 00 
117	24 01 
118	56 01 
119	88 01 
120	BA 01 
121	F3 00 
122	25 01 
123	57 01 
124	89 01 
125	BB 01 
126	F3 00 
127	25 01 
128	57 01 
129	89 01 
130	BB 01 
131	F3 00 
132	25 01 
133	57 01 
134	89 01 
135	BB 01 
136	F4 00 
137	26 01 
138	58 01 
139	8A 01 
140	BC 01 
141	F4 00 
142	26 01 
143	58 01 
144	8A 01 
145	BC 01 
146	F4 00 
147	26 01 
148	58 01 
149	8A 01 
150	BC 01 
151	F5 00 
152	27 01 
153	59 01 
154	8B 01 
155	BD 01 
156	F5 00 
157	27 01 
158	59 01 
159	8B 01 
160	BD 01 
161	F5 00 
162	27 01 
163	59 01 
164	8B 01 
165	BD 01 
166	F6 00 
167	28 01 
168	5A 01 
169	8C 01 
170	BE 01 
171	F6 00 
172	28 01 
173	5A 01 
174	8C 01 
175	BE 01 
176	F6 00 
177	28 01 
178	5A 01 
179	8C 01 
180	BE 01 
181	F7 00 
182	29 01 
183	5B 01 
184	8D 01 
185	BF 01 
186	F7 00 
187	29 01 
188	5B 01 
189	8D 01 
190	FF FF 
191	F7 00 
192	29 01 
193	FF FF 
194	FF FF 
195	FF FF 
196	FF FF 
197	F4 02 
198	F4 02 
199	F5 02 
200	F5 02 
201	F5 02 
202	2A 01 
203	5C 01 
204	8E 01 
205	F7 02 
206	F8 02 
207	F6 02 
208	F7 02 
209	F7 02 
210	C0 01 
211	F9 00 
212	F8 02 
213	5D 01 
214	8F 01 
215	C1 01 
216	F9 00 
217	2B 01 
218	5D 01 
219	8F 01 
220	C1 01 
221	F9 00 
222	2B 01 
223	5D 01 
224	8F 01 
225	C1 01 
226	FA 00 
227	2C 01 
228	5E 01 
229	90 01 
230	F3 02 
231	F3 02 
232	2C 01 
233	F3 02 
234	F4 02 
235	FF FF 
236	FF FF 
237	FF FF 
238	FF FF 
239	FF FF 
240	FF FF 
241	FB 00 
242	FF FF 
243	FF FF 
244	FF FF 
245	FF FF 
246	FF FF 
247	FF FF 
248	FF FF 
249	FF FF 
250	FF FF 
251	FF FF 
252	FF FF 
253	FF FF 
254	FF FF 
255	FF FF 
