1	0F 00 00 00 00 00 00 00 00 00 00 00 00 00 0F 0F 0F 00 00 00 00 00 00 00 00 00 00 00 00 00 00 00 	
2	0F 00 00 00 00 00 00 00 00 00 00 00 00 00 00 00 0F 00 00 00 00 00 00 00 00 00 00 00 00 00 00 00 	
3	0F 00 00 00 00 00 00 00 00 00 00 00 00 00 00 00 0F 00 00 00 00 00 00 00 00 00 00 00 00 00 00 00 	
4	0F 00 00 00 00 00 00 00 00 00 00 00 00 00 00 00 0F 00 00 00 00 00 00 00 00 00 00 00 00 00 00 00 	
5	0F 00 00 00 00 00 00 00 00 00 00 00 00 00 0F 0F 0F 00 00 00 00 00 00 00 00 00 00 00 00 00 00 00 	
6	0F 00 00 00 00 00 00 00 00 00 00 00 00 00 00 00 0F 00 00 00 00 00 00 00 00 00 00 00 00 00 00 00 	
7	0F 00 00 00 00 00 00 00 00 00 00 00 00 00 00 00 0F 00 00 00 00 00 00 00 00 00 00 00 00 00 00 00 	
8	0F 00 00 00 00 00 00 00 00 00 00 00 00 00 00 00 0F 00 00 00 00 00 00 00 00 00 00 00 00 00 00 00 	
9	0F 00 00 00 00 00 00 00 00 00 00 00 00 00 00 0F 0F 00 00 00 00 00 00 00 00 00 00 00 00 00 00 00 	
10	0F 00 00 00 00 00 00 00 00 00 00 00 00 00 00 0F 0F 00 00 00 00 00 00 00 00 00 00 00 00 00 00 00 
11	0F 00 00 00 00 00 00 00 00 00 00 00 00 00 00 0F 0F 00 00 00 00 00 00 00 00 00 00 00 00 00 00 00 
12	0F 00 00 00 00 00 00 00 00 00 00 00 00 00 00 0F 0F 00 00 00 00 00 00 00 00 00 00 00 00 00 00 00 
13	0F 00 00 00 00 00 00 00 00 00 00 00 00 00 00 00 0F 00 00 00 00 00 00 00 00 00 00 00 00 00 00 00 
14	0F 00 00 00 00 00 00 00 00 00 00 00 00 00 00 00 0F 00 00 00 00 00 00 00 00 00 00 00 00 00 00 00 
15	0F 00 00 00 00 00 00 00 00 00 00 00 00 00 00 00 0F 00 00 00 00 00 00 00 00 00 00 00 00 00 00 00 
16	0F 00 00 00 00 00 00 00 00 00 00 00 00 00 00 00 0F 00 00 00 00 00 00 00 00 00 00 00 00 00 00 00 
17	0F 00 00 00 00 00 00 00 00 00 00 00 00 00 00 00 0F 00 00 00 00 00 00 00 00 00 00 00 00 00 00 00 
18	0F 00 00 00 00 00 00 00 00 00 00 00 00 00 00 00 0F 00 00 00 00 00 00 00 00 00 00 00 00 00 00 00 
19	0F 00 00 00 00 00 00 00 00 00 00 00 00 00 00 00 0F 00 00 00 00 00 00 00 00 00 00 00 00 00 00 00 
20	0F 00 00 00 00 00 00 00 00 00 00 00 00 00 00 00 0F 00 00 00 00 00 00 00 00 00 00 00 00 00 00 00 
21	0F 00 00 00 00 00 00 00 00 00 00 00 00 00 00 00 0F 00 00 00 00 00 00 00 00 00 00 00 00 00 00 00 
22	0F 00 00 00 00 00 00 00 00 00 00 00 00 00 00 00 0F 00 00 00 00 00 00 00 00 00 00 00 00 00 00 00 
23	0F 00 00 00 00 00 00 00 00 00 00 00 00 00 00 00 0F 00 00 00 00 00 00 00 00 00 00 00 00 00 00 00 
24	0F 00 00 00 00 00 00 00 00 00 00 00 00 00 00 00 0F 00 00 00 00 00 00 00 00 00 00 00 00 00 00 00 
25	0F 00 00 00 00 00 00 00 00 00 00 00 00 00 00 00 0F 00 00 00 00 00 00 00 00 00 00 00 00 00 00 00 
26	0F 00 00 00 00 00 00 00 00 00 00 00 00 00 00 00 0F 00 00 00 00 00 00 00 00 00 00 00 00 00 00 00 
27	0F 00 00 00 00 00 00 00 00 00 00 00 00 00 00 00 0F 00 00 00 00 00 00 00 00 00 00 00 00 00 00 00 
28	0F 00 00 00 00 00 00 00 00 00 00 00 00 00 00 00 0F 00 00 00 00 00 00 00 00 00 00 00 00 00 00 00 
29	0F 00 00 00 00 00 00 00 00 00 00 00 00 00 00 00 0F 00 00 00 00 00 00 00 00 00 00 00 00 00 00 00 
30	0F 00 00 00 00 00 00 00 00 00 00 00 00 00 00 00 0F 00 00 00 00 00 00 00 00 00 00 00 00 00 00 00 
31	0F 00 00 00 00 00 00 00 00 00 00 00 00 00 00 00 0F 00 00 00 00 00 00 00 00 00 00 00 00 00 00 00 
32	0F 00 00 00 00 00 00 00 00 00 00 00 00 00 00 00 0F 00 00 00 00 00 00 00 00 00 00 00 00 00 00 00 
33	00 00 00 00 00 00 00 00 00 00 00 00 00 00 00 00 0F 00 00 00 00 00 00 00 00 00 00 00 00 00 00 00 
34	00 00 00 00 00 00 00 00 00 00 00 00 00 00 00 00 0F 00 00 00 00 00 00 00 00 00 00 00 00 00 00 00 
35	00 00 00 00 00 00 00 00 00 00 00 00 00 00 00 00 0F 00 00 00 00 00 00 00 00 00 00 00 00 00 00 00 
36	00 00 00 00 00 00 00 00 00 00 00 00 00 00 00 00 0F 00 00 00 00 00 00 00 00 00 00 00 00 00 00 00 
37	00 00 00 00 00 00 00 00 00 00 00 00 00 00 00 00 0F 00 00 00 00 00 00 00 00 00 00 00 00 00 00 00 
38	00 00 00 00 00 00 00 00 00 00 00 00 00 00 00 00 0F 00 00 00 00 00 00 00 00 00 00 00 00 00 00 00 
39	00 00 00 00 00 00 00 00 00 00 00 00 00 00 00 00 0F 00 00 00 00 00 00 00 00 00 00 00 00 00 00 00 
40	00 00 00 00 00 00 00 00 00 00 00 00 00 00 00 00 0F 00 00 00 00 00 00 00 00 00 00 00 00 00 00 00 
41	0F 00 00 00 00 00 00 00 00 00 00 00 00 00 00 00 0F 00 00 00 00 00 00 00 00 00 00 00 00 00 00 00 
42	0F 00 00 00 00 00 00 00 00 00 00 00 00 00 00 00 0F 00 00 00 00 00 00 00 00 00 00 00 00 00 00 00 
43	0F 00 00 00 00 00 00 00 00 00 00 00 00 00 00 00 0F 00 00 00 00 00 00 00 00 00 00 00 00 00 00 00 
44	0F 00 00 00 00 00 00 00 00 00 00 00 00 00 00 00 0F 00 00 00 00 00 00 00 00 00 00 00 00 00 00 00 
45	0F 00 00 00 00 00 00 00 00 00 00 00 00 00 00 00 0F 00 00 00 00 00 00 00 00 00 00 00 00 00 00 00 
46	0F 00 00 00 00 00 00 00 00 00 00 00 00 00 00 00 0F 00 00 00 00 00 00 00 00 00 00 00 00 00 00 00 
47	0F 00 00 00 00 00 00 00 00 00 00 00 00 00 00 00 0F 00 00 00 00 00 00 00 00 00 00 00 00 00 00 00 
48	0F 00 00 00 00 00 00 00 00 00 00 00 00 00 00 00 0F 00 00 00 00 00 00 00 00 00 00 00 00 00 00 00 
49	0F 00 00 00 00 00 00 00 00 00 00 00 00 00 00 00 0F 00 00 00 00 00 00 00 00 00 00 00 00 00 00 00 
50	0F 00 00 00 00 00 00 00 00 00 00 00 00 00 00 00 0F 00 00 00 00 00 00 00 00 00 00 00 00 00 00 00 
51	0F 00 00 00 00 00 00 00 00 00 00 00 00 00 00 00 0F 00 00 00 00 00 00 00 00 00 00 00 00 00 00 00 
52	0F 00 00 00 00 00 00 00 00 00 00 00 00 00 00 00 0F 00 00 00 00 00 00 00 00 00 00 00 00 00 00 00 
53	0F 00 00 00 00 00 00 00 00 00 00 00 00 00 00 00 0F 00 00 00 00 00 00 00 00 00 00 00 00 00 00 00 
54	0F 00 00 00 00 00 00 00 00 00 00 00 00 00 00 00 0F 00 00 00 00 00 00 00 00 00 00 00 00 00 00 00 
55	0F 00 00 00 00 00 00 00 00 00 00 00 00 00 00 00 0F 00 00 00 00 00 00 00 00 00 00 00 00 00 00 00 
56	0F 00 00 00 00 00 00 00 00 00 00 00 00 00 00 00 0F 00 00 00 00 00 00 00 00 00 00 00 00 00 00 00 
57	0F 00 00 00 00 00 00 00 00 00 00 00 00 00 00 00 0F 00 00 00 00 00 00 00 00 00 00 00 00 00 00 00 
58	0F 00 00 00 00 00 00 00 00 00 00 00 00 00 00 00 0F 00 00 00 00 00 00 00 00 00 00 00 00 00 00 00 
59	0F 00 00 00 00 00 00 00 00 00 00 00 00 00 00 00 0F 00 00 00 00 00 00 00 00 00 00 00 00 00 00 00 
60	0F 00 00 00 00 00 00 00 00 00 00 00 00 00 00 00 0F 00 00 00 00 00 00 00 00 00 00 00 00 00 00 00 
61	0F 00 00 00 00 00 00 00 00 00 00 00 00 00 00 00 0F 00 00 00 00 00 00 00 00 00 00 00 00 00 00 00 
62	0F 00 00 00 00 00 00 00 00 00 00 00 00 00 00 00 0F 00 00 00 00 00 00 00 00 00 00 00 00 00 00 00 
63	0F 00 00 00 00 00 00 00 00 00 00 00 00 00 00 00 0F 00 00 00 00 00 00 00 00 00 00 00 00 00 00 00 
64	0F 00 00 00 00 00 00 00 00 00 00 00 00 00 00 00 0F 00 00 00 00 00 00 00 00 00 00 00 00 00 00 00 
65	0F 00 00 00 00 00 00 00 00 00 00 00 00 00 00 00 0F 00 00 00 00 00 00 00 00 00 00 00 00 00 00 00 
66	0F 00 00 00 00 00 00 00 00 00 00 00 00 00 00 00 0F 00 00 00 00 00 00 00 00 00 00 00 00 00 00 00 
67	0F 00 00 00 00 00 00 00 00 00 00 00 00 00 00 00 0F 00 00 00 00 00 00 00 00 00 00 00 00 00 00 00 
68	0F 00 00 00 00 00 00 00 00 00 00 00 00 00 00 00 0F 00 00 00 00 00 00 00 00 00 00 00 00 00 00 00 
69	0F 00 00 00 00 00 00 00 00 00 00 00 00 00 00 00 0F 00 00 00 00 00 00 00 00 00 00 00 00 00 00 00 
70	0F 00 00 00 00 00 00 00 00 00 00 00 00 00 00 00 0F 00 00 00 00 00 00 00 00 00 00 00 00 00 00 00 
71	0F 00 00 00 00 00 00 00 00 00 00 00 00 00 00 00 0F 00 00 00 00 00 00 00 00 00 00 00 00 00 00 00 
72	0F 00 00 00 00 00 00 00 00 00 00 00 00 00 00 00 0F 00 00 00 00 00 00 00 00 00 00 00 00 00 00 00 
73	0F 00 00 00 00 00 00 00 00 00 00 00 00 00 00 00 0F 00 00 00 00 00 00 00 00 00 00 00 00 00 00 00 
74	0F 00 00 00 00 00 00 00 00 00 00 00 00 00 00 00 0F 00 00 00 00 00 00 00 00 00 00 00 00 00 00 00 
75	0F 00 00 00 00 00 00 00 00 00 00 00 00 00 00 00 0F 00 00 00 00 00 00 00 00 00 00 00 00 00 00 00 
76	0F 00 00 00 00 00 00 00 00 00 00 00 00 00 00 00 0F 00 00 00 00 00 00 00 00 00 00 00 00 00 00 00 
77	0F 00 00 00 00 00 00 00 00 00 00 00 00 00 00 00 0F 00 00 00 00 00 00 00 00 00 00 00 00 00 00 00 
78	0F 00 00 00 00 00 00 00 00 00 00 00 00 00 00 00 0F 00 00 00 00 00 00 00 00 00 00 00 00 00 00 00 
79	0F 00 00 00 00 00 00 00 00 00 00 00 00 00 00 00 0F 00 00 00 00 00 00 00 00 00 00 00 00 00 00 00 
80	0F 00 00 00 00 00 00 00 00 00 00 00 00 00 00 00 0F 00 00 00 00 00 00 00 00 00 00 00 00 00 00 00 
81	0F 00 00 00 00 00 00 00 00 00 00 00 00 00 00 00 0F 00 00 00 00 00 00 00 00 00 00 00 00 00 00 00 
82	0F 00 00 00 00 00 00 00 00 00 00 00 00 00 00 00 0F 00 00 00 00 00 00 00 00 00 00 00 00 00 00 00 
83	0F 00 00 00 00 00 00 00 00 00 00 00 00 00 00 00 0F 00 00 00 00 00 00 00 00 00 00 00 00 00 00 00 
84	0F 00 00 00 00 00 00 00 00 00 00 00 00 00 00 00 0F 00 00 00 00 00 00 00 00 00 00 00 00 00 00 00 
85	0F 00 00 00 00 00 00 00 00 00 00 00 00 00 00 00 0F 00 00 00 00 00 00 00 00 00 00 00 00 00 00 00 
86	0F 00 00 00 00 00 00 00 00 00 00 00 00 00 00 00 0F 00 00 00 00 00 00 00 00 00 00 00 00 00 00 00 
87	0F 00 00 00 00 00 00 00 00 00 00 00 00 00 00 00 0F 00 00 00 00 00 00 00 00 00 00 00 00 00 00 00 
88	0F 00 00 00 00 00 00 00 00 00 00 00 00 00 00 00 0F 00 00 00 00 00 00 00 00 00 00 00 00 00 00 00 
89	0F 00 00 00 00 00 00 00 00 00 00 00 00 00 00 00 0F 00 00 00 00 00 00 00 00 00 00 00 00 00 00 00 
90	0F 00 00 00 00 00 00 00 00 00 00 00 00 00 00 00 0F 00 00 00 00 00 00 00 00 00 00 00 00 00 00 00 
91	0F 00 00 00 00 00 00 00 00 00 00 00 00 00 00 00 0F 00 00 00 00 00 00 00 00 00 00 00 00 00 00 00 
92	0F 00 00 00 00 00 00 00 00 00 00 00 00 00 00 00 0F 00 00 00 00 00 00 00 00 00 00 00 00 00 00 00 
93	0F 00 00 00 00 00 00 00 00 00 00 00 00 00 00 00 0F 00 00 00 00 00 00 00 00 00 00 00 00 00 00 00 
94	0F 00 00 00 00 00 00 00 00 00 00 00 00 00 00 00 0F 00 00 00 00 00 00 00 00 00 00 00 00 00 00 00 
95	0F 00 00 00 00 00 00 00 00 00 00 00 00 00 00 00 0F 00 00 00 00 00 00 00 00 00 00 00 00 00 00 00 
96	0F 00 00 00 00 00 00 00 00 00 00 00 00 00 00 00 0F 00 00 00 00 00 00 00 00 00 00 00 00 00 00 00 
97	0F 00 00 00 00 00 00 00 00 00 00 00 00 00 00 00 0F 00 00 00 00 00 00 00 00 00 00 00 00 00 00 00 
98	0F 00 00 00 00 00 00 00 00 00 00 00 00 00 00 00 0F 00 00 00 00 00 00 00 00 00 00 00 00 00 00 00 
99	0F 00 00 00 00 00 00 00 00 00 00 00 00 00 00 00 0F 00 00 00 00 00 00 00 00 00 00 00 00 00 00 00 
100	0F 00 00 00 00 00 00 00 00 00 00 00 00 00 00 00 0F 00 00 00 00 00 00 00 00 00 00 00 00 00 00 00 
101	0F 00 00 00 00 00 00 00 00 00 00 00 00 00 00 00 0F 00 00 00 00 00 00 00 00 00 00 00 00 00 00 00 
102	0F 00 00 00 00 00 00 00 00 00 00 00 00 00 00 00 0F 00 00 00 00 00 00 00 00 00 00 00 00 00 00 00 
103	0F 00 00 00 00 00 00 00 00 00 00 00 00 00 00 00 0F 00 00 00 00 00 00 00 00 00 00 00 00 00 00 00 
104	0F 00 00 00 00 00 00 00 00 00 00 00 00 00 00 00 0F 00 00 00 00 00 00 00 00 00 00 00 00 00 00 00 
105	0F 00 00 00 00 00 00 00 00 00 00 00 00 00 00 00 0F 00 00 00 00 00 00 00 00 00 00 00 00 00 00 00 
106	0F 00 00 00 00 00 00 00 00 00 00 00 00 00 00 00 0F 00 00 00 00 00 00 00 00 00 00 00 00 00 00 00 
107	0F 00 00 00 00 00 00 00 00 00 00 00 00 00 00 00 0F 00 00 00 00 00 00 00 00 00 00 00 00 00 00 00 
108	0F 00 00 00 00 00 00 00 00 00 00 00 00 00 00 00 0F 00 00 00 00 00 00 00 00 00 00 00 00 00 00 00 
109	0F 00 00 00 00 00 00 00 00 00 00 00 00 00 00 00 0F 00 00 00 00 00 00 00 00 00 00 00 00 00 00 00 
110	0F 00 00 00 00 00 00 00 00 00 00 00 00 00 00 00 0F 00 00 00 00 00 00 00 00 00 00 00 00 00 00 00 
111	0F 00 00 00 00 00 00 00 00 00 00 00 00 00 00 00 0F 00 00 00 00 00 00 00 00 00 00 00 00 00 00 00 
112	0F 00 00 00 00 00 00 00 00 00 00 00 00 00 00 00 0F 00 00 00 00 00 00 00 00 00 00 00 00 00 00 00 
113	0F 00 00 00 00 00 00 00 00 00 00 00 00 00 00 00 0F 00 00 00 00 00 00 00 00 00 00 00 00 00 00 00 
114	0F 00 00 00 00 00 00 00 00 00 00 00 00 00 00 00 0F 00 00 00 00 00 00 00 00 00 00 00 00 00 00 00 
115	0F 00 00 00 00 00 00 00 00 00 00 00 00 00 00 00 0F 00 00 00 00 00 00 00 00 00 00 00 00 00 00 00 
116	0F 00 00 00 00 00 00 00 00 00 00 00 00 00 00 00 0F 00 00 00 00 00 00 00 00 00 00 00 00 00 00 00 
117	0F 00 00 00 00 00 00 00 00 00 00 00 00 00 00 00 0F 00 00 00 00 00 00 00 00 00 00 00 00 00 00 00 
118	0F 00 00 00 00 00 00 00 00 00 00 00 00 00 00 00 0F 00 00 00 00 00 00 00 00 00 00 00 00 00 00 00 
119	0F 00 00 00 00 00 00 00 00 00 00 00 00 00 00 00 0F 00 00 00 00 00 00 00 00 00 00 00 00 00 00 00 
120	0F 00 00 00 00 00 00 00 00 00 00 00 00 00 00 00 0F 00 00 00 00 00 00 00 00 00 00 00 00 00 00 00 
241	0F 00 00 00 00 00 00 00 00 00 00 00 00 00 0F 00 0F 00 00 00 00 00 00 00 00 00 00 00 00 00 00 00 
242	0F 00 00 00 00 00 00 00 00 00 00 00 00 00 00 00 0F 00 00 00 00 00 00 00 00 00 00 00 00 00 00 00 
243	0F 00 00 00 00 00 00 00 00 00 00 00 00 00 00 00 0F 00 00 00 00 00 00 00 00 00 00 00 00 00 00 00 
244	0F 00 00 00 00 00 00 00 00 00 00 00 00 00 00 00 0F 00 00 00 00 00 00 00 00 00 00 00 00 00 00 00 
245	0F 00 00 00 00 00 00 00 00 00 00 00 00 00 0F 00 0F 00 00 00 00 00 00 00 00 00 00 00 00 00 00 00 
246	0F 00 00 00 00 00 00 00 00 00 00 00 00 00 00 00 0F 00 00 00 00 00 00 00 00 00 00 00 00 00 00 00 
247	0F 00 00 00 00 00 00 00 00 00 00 00 00 00 00 00 0F 00 00 00 00 00 00 00 00 00 00 00 00 00 00 00 
248	0F 00 00 00 00 00 00 00 00 00 00 00 00 00 00 00 0F 00 00 00 00 00 00 00 00 00 00 00 00 00 00 00 
249	0F 00 00 00 00 00 00 00 00 00 00 00 00 00 00 00 0F 00 00 00 00 00 00 00 00 00 00 00 00 00 00 00 
250	0F 00 00 00 00 00 00 00 00 00 00 00 00 00 00 00 0F 00 00 00 00 00 00 00 00 00 00 00 00 00 00 00 
251	0F 00 00 00 00 00 00 00 00 00 00 00 00 00 00 00 0F 00 00 00 00 00 00 00 00 00 00 00 00 00 00 00 
252	0F 00 00 00 00 00 00 00 00 00 00 00 00 00 00 00 0F 00 00 00 00 00 00 00 00 00 00 00 00 00 00 00 
253	0F 00 00 00 00 00 00 00 00 00 00 00 00 00 00 00 0F 00 00 00 00 00 00 00 00 00 00 00 00 00 00 00 
254	0F 00 00 00 00 00 00 00 00 00 00 00 00 00 00 00 0F 00 00 00 00 00 00 00 00 00 00 00 00 00 00 00 
255	0F 00 00 00 00 00 00 00 00 00 00 00 00 00 00 00 0F 00 00 00 00 00 00 00 00 00 00 00 00 00 00 00 
256	0F 00 00 00 00 00 00 00 00 00 00 00 00 00 00 00 0F 00 00 00 00 00 00 00 00 00 00 00 00 00 00 00 
257	0F 00 00 00 00 00 00 00 00 00 00 00 00 00 00 00 0F 00 00 00 00 00 00 00 00 00 00 00 00 00 00 00 
258	0F 00 00 00 00 00 00 00 00 00 00 00 00 00 00 00 0F 00 00 00 00 00 00 00 00 00 00 00 00 00 00 00 
259	0F 00 00 00 00 00 00 00 00 00 00 00 00 00 00 00 0F 00 00 00 00 00 00 00 00 00 00 00 00 00 00 00 
260	0F 00 00 00 00 00 00 00 00 00 00 00 00 00 00 00 0F 00 00 00 00 00 00 00 00 00 00 00 00 00 00 00 
261	0F 00 00 00 00 00 00 00 00 00 00 00 00 00 00 00 0F 00 00 00 00 00 00 00 00 00 00 00 00 00 00 00 
262	0F 00 00 00 00 00 00 00 00 00 00 00 00 00 00 00 0F 00 00 00 00 00 00 00 00 00 00 00 00 00 00 00 
263	0F 00 00 00 00 00 00 00 00 00 00 00 00 00 00 00 0F 00 00 00 00 00 00 00 00 00 00 00 00 00 00 00 
264	0F 00 00 00 00 00 00 00 00 00 00 00 00 00 00 00 0F 00 00 00 00 00 00 00 00 00 00 00 00 00 00 00 
265	0F 00 00 00 00 00 00 00 00 00 00 00 00 00 0F 00 0F 00 00 00 00 00 00 00 00 00 00 00 00 00 00 00 
266	0F 00 00 00 00 00 00 00 00 00 00 00 00 00 00 00 0F 00 00 00 00 00 00 00 00 00 00 00 00 00 00 00 
267	0F 00 00 00 00 00 00 00 00 00 00 00 00 00 00 00 0F 00 00 00 00 00 00 00 00 00 00 00 00 00 00 00 
268	0F 00 00 00 00 00 00 00 00 00 00 00 00 00 00 00 0F 00 00 00 00 00 00 00 00 00 00 00 00 00 00 00 
269	0F 00 00 00 00 00 00 00 00 00 00 00 00 00 0F 00 0F 00 00 00 00 00 00 00 00 00 00 00 00 00 00 00 
270	0F 00 00 00 00 00 00 00 00 00 00 00 00 00 00 00 0F 00 00 00 00 00 00 00 00 00 00 00 00 00 00 00 
271	0F 00 00 00 00 00 00 00 00 00 00 00 00 00 00 00 0F 00 00 00 00 00 00 00 00 00 00 00 00 00 00 00 
272	0F 00 00 00 00 00 00 00 00 00 00 00 00 00 00 00 0F 00 00 00 00 00 00 00 00 00 00 00 00 00 00 00 
273	0F 00 00 00 00 00 00 00 00 00 00 00 00 00 00 00 0F 00 00 00 00 00 00 00 00 00 00 00 00 00 00 00 
274	0F 00 00 00 00 00 00 00 00 00 00 00 00 00 00 00 0F 00 00 00 00 00 00 00 00 00 00 00 00 00 00 00 
275	0F 00 00 00 00 00 00 00 00 00 00 00 00 00 00 00 0F 00 00 00 00 00 00 00 00 00 00 00 00 00 00 00 
276	0F 00 00 00 00 00 00 00 00 00 00 00 00 00 00 00 0F 00 00 00 00 00 00 00 00 00 00 00 00 00 00 00 
277	0F 00 00 00 00 00 00 00 00 00 00 00 00 00 00 00 0F 00 00 00 00 00 00 00 00 00 00 00 00 00 00 00 
278	0F 00 00 00 00 00 00 00 00 00 00 00 00 00 00 00 0F 00 00 00 00 00 00 00 00 00 00 00 00 00 00 00 
279	0F 00 00 00 00 00 00 00 00 00 00 00 00 00 00 00 0F 00 00 00 00 00 00 00 00 00 00 00 00 00 00 00 
280	0F 00 00 00 00 00 00 00 00 00 00 00 00 00 00 00 0F 00 00 00 00 00 00 00 00 00 00 00 00 00 00 00 
281	0F 00 00 00 00 00 00 00 00 00 00 00 00 00 00 00 0F 00 00 00 00 00 00 00 00 00 00 00 00 00 00 00 
282	0F 00 00 00 00 00 00 00 00 00 00 00 00 00 00 00 0F 00 00 00 00 00 00 00 00 00 00 00 00 00 00 00 
283	0F 00 00 00 00 00 00 00 00 00 00 00 00 00 00 00 0F 00 00 00 00 00 00 00 00 00 00 00 00 00 00 00 
284	0F 00 00 00 00 00 00 00 00 00 00 00 00 00 00 00 0F 00 00 00 00 00 00 00 00 00 00 00 00 00 00 00 
285	0F 00 00 00 00 00 00 00 00 00 00 00 00 00 00 00 0F 00 00 00 00 00 00 00 00 00 00 00 00 00 00 00 
286	0F 00 00 00 00 00 00 00 00 00 00 00 00 00 00 00 0F 00 00 00 00 00 00 00 00 00 00 00 00 00 00 00 
287	0F 00 00 00 00 00 00 00 00 00 00 00 00 00 00 00 0F 00 00 00 00 00 00 00 00 00 00 00 00 00 00 00 
288	0F 00 00 00 00 00 00 00 00 00 00 00 00 00 00 00 0F 00 00 00 00 00 00 00 00 00 00 00 00 00 00 00 
289	0F 00 00 00 00 00 00 00 00 00 00 00 00 00 0F 00 0F 00 00 00 00 00 00 00 00 00 00 00 00 00 00 00 
290	0F 00 00 00 00 00 00 00 00 00 00 00 00 00 00 00 0F 00 00 00 00 00 00 00 00 00 00 00 00 00 00 00 
291	0F 00 00 00 00 00 00 00 00 00 00 00 00 00 00 00 0F 00 00 00 00 00 00 00 00 00 00 00 00 00 00 00 
292	0F 00 00 00 00 00 00 00 00 00 00 00 00 00 00 00 0F 00 00 00 00 00 00 00 00 00 00 00 00 00 00 00 
293	0F 00 00 00 00 00 00 00 00 00 00 00 00 00 0F 00 0F 00 00 00 00 00 00 00 00 00 00 00 00 00 00 00 
294	0F 00 00 00 00 00 00 00 00 00 00 00 00 00 00 00 0F 00 00 00 00 00 00 00 00 00 00 00 00 00 00 00 
295	0F 00 00 00 00 00 00 00 00 00 00 00 00 00 00 00 0F 00 00 00 00 00 00 00 00 00 00 00 00 00 00 00 
296	0F 00 00 00 00 00 00 00 00 00 00 00 00 00 00 00 0F 00 00 00 00 00 00 00 00 00 00 00 00 00 00 00 
297	0F 00 00 00 00 00 00 00 00 00 00 00 00 00 00 00 0F 00 00 00 00 00 00 00 00 00 00 00 00 00 00 00 
298	0F 00 00 00 00 00 00 00 00 00 00 00 00 00 00 00 0F 00 00 00 00 00 00 00 00 00 00 00 00 00 00 00 
299	0F 00 00 00 00 00 00 00 00 00 00 00 00 00 00 00 0F 00 00 00 00 00 00 00 00 00 00 00 00 00 00 00 
300	0F 00 00 00 00 00 00 00 00 00 00 00 00 00 00 00 0F 00 00 00 00 00 00 00 00 00 00 00 00 00 00 00 
301	0F 00 00 00 00 00 00 00 00 00 00 00 00 00 00 00 0F 00 00 00 00 00 00 00 00 00 00 00 00 00 00 00 
302	0F 00 00 00 00 00 00 00 00 00 00 00 00 00 00 00 0F 00 00 00 00 00 00 00 00 00 00 00 00 00 00 00 
303	0F 00 00 00 00 00 00 00 00 00 00 00 00 00 00 00 0F 00 00 00 00 00 00 00 00 00 00 00 00 00 00 00 
304	0F 00 00 00 00 00 00 00 00 00 00 00 00 00 00 00 0F 00 00 00 00 00 00 00 00 00 00 00 00 00 00 00 
