9	01 00 	03 00 
10	02 00 	03 00 
11	03 00 	03 00 
12	04 00 	03 00 
13	05 00 	03 00 
14	06 00 	03 00 
15	07 00 	03 00 
16	08 00 	03 00 
17	09 00 	03 00 
18	0A 00 	03 00 
19	0B 00 	03 00 
20	0C 00 	03 00 
21	0D 00 	03 00 
22	0E 00 	03 00 
23	0F 00 	03 00 
24	10 00 	03 00 
25	11 00 	03 00 
26	12 00 	03 00 
27	13 00 	03 00 
28	14 00 	03 00 
29	15 00 	03 00 
30	16 00 	03 00 
31	17 00 	03 00 
32	18 00 	03 00 
33	19 00 	03 00 
34	1A 00 	03 00 
35	1B 00 	03 00 
36	1C 00 	03 00 
37	1D 00 	03 00 
38	1E 00 	03 00 
39	1F 00 	03 00 
40	20 00 	03 00 
41	21 00 	03 00 
42	22 00 	03 00 
43	23 00 	03 00 
44	24 00 	03 00 
45	25 00 	03 00 
46	26 00 	03 00 
47	27 00 	03 00 
48	28 00 	03 00 
49	29 00 	04 00 
50	2A 00 	04 00 
51	2B 00 	04 00 
52	2C 00 	04 00 
53	2D 00 	04 00 
54	2E 00 	04 00 
55	2F 00 	04 00 
56	30 00 	04 00 
57	31 00 	04 00 
58	32 00 	04 00 
59	33 00 	04 00 
60	34 00 	04 00 
61	35 00 	04 00 
62	36 00 	04 00 
63	37 00 	04 00 
64	38 00 	04 00 
65	39 00 	04 00 
66	3A 00 	04 00 
67	3B 00 	04 00 
68	3C 00 	04 00 
69	3D 00 	04 00 
70	3E 00 	04 00 
71	3F 00 	04 00 
72	40 00 	04 00 
73	41 00 	04 00 
74	42 00 	04 00 
75	43 00 	04 00 
76	44 00 	04 00 
77	45 00 	04 00 
78	46 00 	04 00 
79	47 00 	04 00 
80	48 00 	04 00 
81	49 00 	04 00 
82	4A 00 	04 00 
83	4B 00 	04 00 
84	4C 00 	04 00 
85	4D 00 	04 00 
86	4E 00 	04 00 
87	4F 00 	04 00 
88	50 00 	04 00 
89	51 00 	05 00 
90	52 00 	05 00 
91	53 00 	05 00 
92	54 00 	05 00 
93	55 00 	05 00 
94	56 00 	05 00 
95	57 00 	05 00 
96	58 00 	05 00 
97	59 00 	05 00 
98	5A 00 	05 00 
99	5B 00 	05 00 
100	5C 00 	05 00 
101	5D 00 	05 00 
102	5E 00 	05 00 
103	5F 00 	05 00 
104	60 00 	05 00 
105	61 00 	05 00 
106	62 00 	05 00 
107	63 00 	05 00 
108	64 00 	05 00 
109	65 00 	05 00 
110	66 00 	05 00 
111	67 00 	05 00 
112	68 00 	05 00 
113	69 00 	05 00 
114	6A 00 	05 00 
115	6B 00 	05 00 
116	6C 00 	05 00 
117	6D 00 	05 00 
118	6E 00 	05 00 
119	6F 00 	05 00 
120	70 00 	05 00 
121	71 00 	05 00 
122	72 00 	05 00 
123	73 00 	05 00 
124	74 00 	05 00 
125	75 00 	05 00 
126	76 00 	05 00 
127	77 00 	05 00 
128	78 00 	05 00 
129	E9 00 	06 00 
130	EA 00 	06 00 
131	EB 00 	06 00 
132	EC 00 	06 00 
133	ED 00 	06 00 
134	EE 00 	06 00 
135	EF 00 	06 00 
136	F0 00 	06 00 
137	F1 00 	06 00 
138	F2 00 	06 00 
139	F3 00 	06 00 
140	F4 00 	06 00 
141	F5 00 	06 00 
142	F6 00 	06 00 
143	F7 00 	06 00 
144	F8 00 	06 00 
145	F9 00 	06 00 
146	FA 00 	06 00 
147	FB 00 	06 00 
148	FC 00 	06 00 
149	FD 00 	06 00 
150	FE 00 	06 00 
151	FF 00 	06 00 
152	00 01 	06 00 
153	01 01 	06 00 
154	02 01 	06 00 
155	03 01 	06 00 
156	04 01 	06 00 
157	05 01 	06 00 
158	06 01 	06 00 
159	07 01 	06 00 
160	08 01 	06 00 
161	09 01 	06 00 
162	0A 01 	06 00 
163	0B 01 	06 00 
164	0C 01 	06 00 
165	0D 01 	06 00 
166	0E 01 	06 00 
167	0F 01 	06 00 
168	10 01 	06 00 
169	11 01 	07 00 
170	12 01 	07 00 
171	13 01 	07 00 
172	14 01 	07 00 
173	15 01 	07 00 
174	16 01 	07 00 
175	17 01 	07 00 
176	18 01 	07 00 
177	19 01 	07 00 
178	1A 01 	07 00 
179	1B 01 	07 00 
180	1C 01 	07 00 
181	1D 01 	07 00 
182	1E 01 	07 00 
183	1F 01 	07 00 
184	20 01 	07 00 
185	21 01 	07 00 
186	22 01 	07 00 
187	23 01 	07 00 
188	24 01 	07 00 
189	25 01 	07 00 
190	26 01 	07 00 
191	27 01 	07 00 
192	28 01 	07 00 
193	29 01 	07 00 
194	2A 01 	07 00 
195	2B 01 	07 00 
196	2C 01 	07 00 
197	2D 01 	07 00 
198	2E 01 	07 00 
199	2F 01 	07 00 
200	30 01 	07 00 
201	31 01 	07 00 
202	32 01 	07 00 
203	33 01 	07 00 
204	34 01 	07 00 
205	35 01 	07 00 
206	36 01 	07 00 
207	37 01 	07 00 
208	38 01 	07 00 
505	79 00 	03 00 
506	7A 00 	03 00 
507	7B 00 	03 00 
508	7C 00 	03 00 
509	7D 00 	03 00 
510	7E 00 	03 00 
511	7F 00 	03 00 
512	80 00 	03 00 
513	81 00 	03 00 
514	82 00 	03 00 
515	83 00 	03 00 
516	84 00 	03 00 
517	85 00 	03 00 
518	86 00 	03 00 
519	87 00 	03 00 
520	88 00 	03 00 
521	89 00 	03 00 
522	8A 00 	03 00 
523	8B 00 	03 00 
524	8C 00 	03 00 
525	8D 00 	03 00 
526	8E 00 	03 00 
527	8F 00 	03 00 
528	90 00 	03 00 
529	91 00 	04 00 
530	92 00 	04 00 
531	93 00 	04 00 
532	94 00 	04 00 
533	95 00 	04 00 
534	96 00 	04 00 
535	97 00 	04 00 
536	98 00 	04 00 
537	99 00 	04 00 
538	9A 00 	04 00 
539	9B 00 	04 00 
540	9C 00 	04 00 
541	9D 00 	04 00 
542	9E 00 	04 00 
543	9F 00 	04 00 
544	A0 00 	04 00 
545	A1 00 	04 00 
546	A2 00 	04 00 
547	A3 00 	04 00 
548	A4 00 	04 00 
549	A5 00 	04 00 
550	A6 00 	04 00 
551	A7 00 	04 00 
552	A8 00 	04 00 
553	A9 00 	05 00 
554	AA 00 	05 00 
555	AB 00 	05 00 
556	AC 00 	05 00 
557	AD 00 	05 00 
558	AE 00 	05 00 
559	AF 00 	05 00 
560	B0 00 	05 00 
561	B1 00 	05 00 
562	B2 00 	05 00 
563	B3 00 	05 00 
564	B4 00 	05 00 
565	B5 00 	05 00 
566	B6 00 	05 00 
567	B7 00 	05 00 
568	B8 00 	05 00 
569	B9 00 	05 00 
570	BA 00 	05 00 
571	BB 00 	05 00 
572	BC 00 	05 00 
573	BD 00 	05 00 
574	BE 00 	05 00 
575	BF 00 	05 00 
576	C0 00 	05 00 
577	C1 00 	06 00 
578	C2 00 	06 00 
579	C3 00 	06 00 
580	C4 00 	06 00 
581	C5 00 	06 00 
582	C6 00 	06 00 
583	C7 00 	06 00 
584	C8 00 	06 00 
585	C9 00 	06 00 
586	CA 00 	06 00 
587	CB 00 	06 00 
588	CC 00 	06 00 
589	CD 00 	06 00 
590	CE 00 	06 00 
591	CF 00 	06 00 
592	D0 00 	06 00 
593	D1 00 	06 00 
594	D2 00 	06 00 
595	D3 00 	06 00 
596	D4 00 	06 00 
597	D5 00 	06 00 
598	D6 00 	06 00 
599	D7 00 	06 00 
600	D8 00 	06 00 
601	D9 00 	07 00 
602	DA 00 	07 00 
603	DB 00 	07 00 
604	DC 00 	07 00 
605	DD 00 	07 00 
606	DE 00 	07 00 
607	DF 00 	07 00 
608	E0 00 	07 00 
609	E1 00 	07 00 
610	E2 00 	07 00 
611	E3 00 	07 00 
612	E4 00 	07 00 
613	E5 00 	07 00 
614	E6 00 	07 00 
615	E7 00 	07 00 
616	E8 00 	07 00 
617	39 01 	07 00 
618	3A 01 	07 00 
619	3B 01 	07 00 
620	3C 01 	07 00 
621	3D 01 	07 00 
622	3E 01 	07 00 
623	3F 01 	07 00 
624	40 01 	07 00 
625	41 01 	08 00 
626	42 01 	08 00 
627	43 01 	08 00 
628	44 01 	08 00 
629	45 01 	08 00 
630	46 01 	08 00 
631	47 01 	08 00 
632	48 01 	08 00 
633	49 01 	08 00 
634	4A 01 	08 00 
635	4B 01 	08 00 
636	4C 01 	08 00 
637	4D 01 	08 00 
638	4E 01 	08 00 
639	4F 01 	08 00 
640	50 01 	08 00 
641	51 01 	08 00 
642	52 01 	08 00 
643	53 01 	08 00 
644	54 01 	08 00 
645	55 01 	08 00 
646	56 01 	08 00 
647	57 01 	08 00 
648	58 01 	08 00 
649	59 01 	08 00 
650	5A 01 	08 00 
651	5B 01 	08 00 
652	5C 01 	08 00 
653	5D 01 	08 00 
654	5E 01 	08 00 
655	5F 01 	08 00 
656	60 01 	08 00 
657	61 01 	08 00 
658	62 01 	08 00 
659	63 01 	08 00 
660	64 01 	08 00 
661	65 01 	08 00 
662	66 01 	08 00 
663	67 01 	08 00 
664	68 01 	08 00 
665	69 01 	09 00 
666	6A 01 	09 00 
667	6B 01 	09 00 
668	6C 01 	09 00 
669	6D 01 	09 00 
670	6E 01 	09 00 
671	6F 01 	09 00 
672	70 01 	09 00 
673	71 01 	09 00 
674	72 01 	09 00 
675	73 01 	09 00 
676	74 01 	09 00 
677	75 01 	09 00 
678	76 01 	09 00 
679	77 01 	09 00 
680	78 01 	09 00 
681	79 01 	09 00 
682	7A 01 	09 00 
683	7B 01 	09 00 
684	7C 01 	09 00 
685	7D 01 	09 00 
686	7E 01 	09 00 
687	7F 01 	09 00 
688	80 01 	09 00 
689	81 01 	09 00 
690	82 01 	09 00 
691	83 01 	09 00 
692	84 01 	09 00 
693	85 01 	09 00 
694	86 01 	09 00 
695	87 01 	09 00 
696	88 01 	09 00 
697	89 01 	09 00 
698	8A 01 	09 00 
699	8B 01 	09 00 
700	8C 01 	09 00 
701	8D 01 	09 00 
702	8E 01 	09 00 
703	8F 01 	09 00 
704	90 01 	09 00 
805	91 01 	08 00 
806	92 01 	08 00 
807	93 01 	08 00 
808	94 01 	08 00 
809	95 01 	08 00 
810	96 01 	08 00 
811	97 01 	08 00 
812	98 01 	08 00 
813	99 01 	08 00 
814	9A 01 	08 00 
815	9B 01 	08 00 
816	9C 01 	08 00 
817	9D 01 	08 00 
818	9E 01 	08 00 
819	9F 01 	08 00 
820	A0 01 	08 00 
821	A1 01 	08 00 
822	A2 01 	08 00 
823	A3 01 	08 00 
824	A4 01 	08 00 
825	A5 01 	08 00 
826	A6 01 	08 00 
827	A7 01 	08 00 
828	A8 01 	08 00 
829	A9 01 	09 00 
830	AA 01 	09 00 
831	AB 01 	09 00 
832	AC 01 	09 00 
833	AD 01 	09 00 
834	AE 01 	09 00 
835	AF 01 	09 00 
836	B0 01 	09 00 
837	B1 01 	09 00 
838	B2 01 	09 00 
839	B3 01 	09 00 
840	B4 01 	09 00 
841	B5 01 	09 00 
842	B6 01 	09 00 
843	B7 01 	09 00 
844	B8 01 	09 00 
845	B9 01 	09 00 
846	BA 01 	09 00 
847	BB 01 	09 00 
848	BC 01 	09 00 
849	BD 01 	09 00 
850	BE 01 	09 00 
851	BF 01 	09 00 
852	C0 01 	09 00 
853	C1 01 	0A 00 
854	C2 01 	0A 00 
855	C3 01 	0A 00 
856	C4 01 	0A 00 
857	C5 01 	0A 00 
858	C6 01 	0A 00 
859	C7 01 	0A 00 
860	C8 01 	0A 00 
861	C9 01 	0A 00 
862	CA 01 	0A 00 
863	CB 01 	0A 00 
864	CC 01 	0A 00 
865	CD 01 	0A 00 
866	CE 01 	0A 00 
867	CF 01 	0A 00 
868	D0 01 	0A 00 
869	D1 01 	0A 00 
870	D2 01 	0A 00 
871	D3 01 	0A 00 
872	D4 01 	0A 00 
873	D5 01 	0A 00 
874	D6 01 	0A 00 
875	D7 01 	0A 00 
876	D8 01 	0A 00 
877	D9 01 	0A 00 
878	DA 01 	0A 00 
879	DB 01 	0A 00 
880	DC 01 	0A 00 
881	DD 01 	0A 00 
882	DE 01 	0A 00 
883	DF 01 	0A 00 
884	E0 01 	0A 00 
885	E1 01 	0A 00 
886	E2 01 	0A 00 
887	E3 01 	0A 00 
888	E4 01 	0A 00 
889	E5 01 	0A 00 
890	E6 01 	0A 00 
891	E7 01 	0A 00 
892	E8 01 	0A 00 
943	E9 01 	0A 00 
944	EA 01 	0A 00 
945	EB 01 	0A 00 
946	EC 01 	0A 00 
947	ED 01 	0A 00 
948	EE 01 	0A 00 
949	EF 01 	0A 00 
950	F0 01 	0A 00 
951	F1 01 	0A 00 
952	F2 01 	0A 00 
953	F3 01 	0A 00 
954	F4 01 	0A 00 
955	F5 01 	0A 00 
956	F6 01 	0A 00 
957	F7 01 	0A 00 
958	F8 01 	0A 00 
959	F9 01 	0A 00 
960	FA 01 	0A 00 
961	FB 01 	0A 00 
962	FC 01 	0A 00 
963	FD 01 	0A 00 
964	FE 01 	0A 00 
965	FF 01 	0A 00 
966	00 02 	0A 00 
