1	09 00 
2	0A 00 
3	0B 00 
4	0C 00 
5	0D 00 
6	0E 00 
7	0F 00 
8	10 00 
9	11 00 
10	12 00 
11	13 00 
12	14 00 
13	15 00 
14	16 00 
15	17 00 
16	18 00 
17	19 00 
18	1A 00 
19	1B 00 
20	1C 00 
21	1D 00 
22	1E 00 
23	1F 00 
24	20 00 
25	21 00 
26	22 00 
27	23 00 
28	24 00 
29	25 00 
30	26 00 
31	27 00 
32	28 00 
33	29 00 
34	2A 00 
35	2B 00 
36	2C 00 
37	2D 00 
38	2E 00 
39	2F 00 
40	30 00 
41	31 00 
42	32 00 
43	33 00 
44	34 00 
45	35 00 
46	36 00 
47	37 00 
48	38 00 
49	39 00 
50	3A 00 
51	3B 00 
52	3C 00 
53	3D 00 
54	3E 00 
55	3F 00 
56	40 00 
57	41 00 
58	42 00 
59	43 00 
60	44 00 
61	45 00 
62	46 00 
63	47 00 
64	48 00 
65	49 00 
66	4A 00 
67	4B 00 
68	4C 00 
69	4D 00 
70	4E 00 
71	4F 00 
72	50 00 
73	51 00 
74	52 00 
75	53 00 
76	54 00 
77	55 00 
78	56 00 
79	57 00 
80	58 00 
81	59 00 
82	5A 00 
83	5B 00 
84	5C 00 
85	5D 00 
86	5E 00 
87	5F 00 
88	60 00 
89	61 00 
90	62 00 
91	63 00 
92	64 00 
93	65 00 
94	66 00 
95	67 00 
96	68 00 
97	69 00 
98	6A 00 
99	6B 00 
100	6C 00 
101	6D 00 
102	6E 00 
103	6F 00 
104	70 00 
105	71 00 
106	72 00 
107	73 00 
108	74 00 
109	75 00 
110	76 00 
111	77 00 
112	78 00 
113	79 00 
114	7A 00 
115	7B 00 
116	7C 00 
117	7D 00 
118	7E 00 
119	7F 00 
120	80 00 
121	81 00 
122	82 00 
123	83 00 
124	84 00 
125	85 00 
126	86 00 
127	87 00 
128	88 00 
129	89 00 
130	8A 00 
131	8B 00 
132	8C 00 
133	8D 00 
134	8E 00 
135	8F 00 
136	90 00 
137	91 00 
138	92 00 
139	93 00 
140	94 00 
141	95 00 
142	96 00 
143	97 00 
144	98 00 
145	99 00 
146	9A 00 
147	9B 00 
148	9C 00 
149	9D 00 
150	9E 00 
151	9F 00 
152	A0 00 
153	A1 00 
154	A2 00 
155	A3 00 
156	A4 00 
157	A5 00 
158	A6 00 
159	A7 00 
160	A8 00 
161	A9 00 
162	AA 00 
163	AB 00 
164	AC 00 
165	AD 00 
166	AE 00 
167	AF 00 
168	B0 00 
169	B1 00 
170	B2 00 
171	B3 00 
172	B4 00 
173	B5 00 
174	B6 00 
175	B7 00 
176	B8 00 
177	B9 00 
178	BA 00 
179	BB 00 
180	BC 00 
181	BD 00 
182	BE 00 
183	BF 00 
184	C0 00 
185	C1 00 
186	C2 00 
187	C3 00 
188	C4 00 
189	C5 00 
190	C6 00 
191	C7 00 
192	C8 00 
193	F9 01 
194	FA 01 
195	FB 01 
196	FC 01 
197	FD 01 
198	FE 01 
199	FF 01 
200	00 02 
201	01 02 
202	02 02 
203	03 02 
204	04 02 
205	05 02 
206	06 02 
207	07 02 
208	08 02 
209	09 02 
210	0A 02 
211	0B 02 
212	0C 02 
213	0D 02 
214	0E 02 
215	0F 02 
216	10 02 
217	11 02 
218	12 02 
219	13 02 
220	14 02 
221	15 02 
222	16 02 
223	17 02 
224	18 02 
225	19 02 
226	1A 02 
227	1B 02 
228	1C 02 
229	1D 02 
230	1E 02 
231	1F 02 
232	20 02 
233	21 02 
234	22 02 
235	23 02 
236	24 02 
237	25 02 
238	26 02 
239	27 02 
240	28 02 
241	29 02 
242	2A 02 
243	2B 02 
244	2C 02 
245	2D 02 
246	2E 02 
247	2F 02 
248	30 02 
249	31 02 
250	32 02 
251	33 02 
252	34 02 
253	35 02 
254	36 02 
255	37 02 
256	38 02 
257	39 02 
258	3A 02 
259	3B 02 
260	3C 02 
261	3D 02 
262	3E 02 
263	3F 02 
264	40 02 
265	41 02 
266	42 02 
267	43 02 
268	44 02 
269	45 02 
270	46 02 
271	47 02 
272	48 02 
273	49 02 
274	4A 02 
275	4B 02 
276	4C 02 
277	4D 02 
278	4E 02 
279	4F 02 
280	50 02 
281	51 02 
282	52 02 
283	53 02 
284	54 02 
285	55 02 
286	56 02 
287	57 02 
288	58 02 
289	59 02 
290	5A 02 
291	5B 02 
292	5C 02 
293	5D 02 
294	5E 02 
295	5F 02 
296	60 02 
297	61 02 
298	62 02 
299	63 02 
300	64 02 
301	65 02 
302	66 02 
303	67 02 
304	68 02 
305	71 02 
306	72 02 
307	73 02 
308	74 02 
309	75 02 
310	76 02 
311	77 02 
312	78 02 
313	79 02 
314	7A 02 
315	7B 02 
316	7C 02 
317	7D 02 
318	7E 02 
319	7F 02 
320	80 02 
321	81 02 
322	82 02 
323	83 02 
324	84 02 
325	85 02 
326	86 02 
327	87 02 
328	88 02 
329	89 02 
330	8A 02 
331	8B 02 
332	8C 02 
333	8D 02 
334	8E 02 
335	8F 02 
336	90 02 
337	91 02 
338	92 02 
339	93 02 
340	94 02 
341	95 02 
342	96 02 
343	97 02 
344	98 02 
345	25 03 
346	26 03 
347	27 03 
348	28 03 
349	29 03 
350	2A 03 
351	2B 03 
352	2C 03 
353	2D 03 
354	2E 03 
355	2F 03 
356	30 03 
357	31 03 
358	32 03 
359	33 03 
360	34 03 
361	35 03 
362	36 03 
363	37 03 
364	38 03 
365	39 03 
366	3A 03 
367	3B 03 
368	3C 03 
369	99 02 
370	9A 02 
371	9B 02 
372	9C 02 
373	9D 02 
374	9E 02 
375	9F 02 
376	A0 02 
377	A1 02 
378	A2 02 
379	A3 02 
380	A4 02 
381	A5 02 
382	A6 02 
383	A7 02 
384	A8 02 
385	A9 02 
386	AA 02 
387	AB 02 
388	AC 02 
389	AD 02 
390	AE 02 
391	AF 02 
392	B0 02 
393	B1 02 
394	B2 02 
395	B3 02 
396	B4 02 
397	B5 02 
398	B6 02 
399	B7 02 
400	B8 02 
401	B9 02 
402	BA 02 
403	BB 02 
404	BC 02 
405	BD 02 
406	BE 02 
407	BF 02 
408	C0 02 
409	3D 03 
410	3E 03 
411	3F 03 
412	40 03 
413	41 03 
414	42 03 
415	43 03 
416	44 03 
417	45 03 
418	46 03 
419	47 03 
420	48 03 
421	49 03 
422	4A 03 
423	4B 03 
424	4C 03 
425	4D 03 
426	4E 03 
427	4F 03 
428	50 03 
429	51 03 
430	52 03 
431	53 03 
432	54 03 
