1 293
2 293
3 293
4 293
5 243
6 243
7 243
8 243
9 335
10 335
11 335
12 335
13 235
14 235
15 235
16 235
17 343
18 343
19 343
20 343
21 294
22 294
23 294
24 294
25 244
26 244
27 244
28 244
29 336
30 336
31 336
32 336
33 285
34 285
35 285
36 285
37 344
38 344
39 344
40 344
41 295
42 295
43 295
44 295
45 245
46 245
47 245
48 245
49 236
50 236
51 236
52 236
53 337
54 337
55 337
56 337
57 345
58 345
59 345
60 345
61 296
62 296
63 296
64 296
65 246
66 246
67 246
68 246
69 286
70 286
71 286
72 286
73 237
74 237
75 237
76 237
77 346
78 346
79 346
80 346
81 297
82 297
83 297
84 297
85 338
86 338
87 338
88 338
89 247
90 247
91 247
92 247
93 287
94 287
95 287
96 287
97 238
98 238
99 238
100 238
101 339
102 339
103 339
104 339
105 347
106 347
107 347
108 347
109 288
110 288
111 288
112 288
113 318
114 318
115 318
116 318
117 364
118 364
119 364
120 364
121 268
122 268
123 268
124 268
125 314
126 314
127 314
128 314
129 239
130 239
131 239
132 239
133 340
134 340
135 340
136 340
137 368
138 368
139 368
140 368
141 289
142 289
143 289
144 289
145 329
146 329
147 329
148 329
149 240
150 240
151 240
152 240
153 279
154 279
155 279
156 279
157 382
158 382
159 382
160 382
161 341
162 341
163 341
164 341
165 332
166 332
167 332
168 332
169 290
170 290
171 290
172 290
173 264
174 264
175 264
176 264
177 379
178 379
179 379
180 379
181 330
182 330
183 330
184 330
185 280
186 280
187 280
188 280
189 241
190 241
191 241
192 241
193 342
194 342
195 342
196 342
197 291
198 291
199 291
200 291
201 242
202 242
203 242
204 242
205 383
206 383
207 383
208 383
209 380
210 380
211 380
212 380
213 333
214 333
215 333
216 333
217 331
218 331
219 331
220 331
221 282
222 282
223 282
224 282
225 281
226 281
227 281
228 281
229 363
230 363
231 363
232 363
233 292
234 292
235 292
236 292
237 263
238 263
239 263
240 263
241 381
242 381
243 381
244 381
245 366
246 366
247 366
248 366
249 334
250 334
251 334
252 334
253 384
254 384
255 384
256 384
257 284
258 284
259 284
260 284
261 248
262 248
263 248
264 248
265 298
266 298
267 298
268 298
269 348
270 348
271 348
272 348
273 313
274 313
275 313
276 313
277 266
278 266
279 266
280 266
281 249
282 249
283 249
284 249
285 299
286 299
287 299
288 299
289 349
290 349
291 349
292 349
293 367
294 367
295 367
296 367
297 316
298 316
299 316
300 316
301 250
302 250
303 250
304 250
305 300
306 300
307 300
308 300
309 350
310 350
311 350
312 350
313 267
314 267
315 267
316 267
317 369
318 369
319 369
320 369
321 251
322 251
323 251
324 251
325 301
326 301
327 301
328 301
329 351
330 351
331 351
332 351
333 317
334 317
335 317
336 317
337 269
338 269
339 269
340 269
341 252
342 252
343 252
344 252
345 302
346 302
347 302
348 302
349 352
350 352
351 352
352 352
353 370
354 370
355 370
356 370
357 319
358 319
359 319
360 319
361 253
362 253
363 253
364 253
365 303
366 303
367 303
368 303
369 353
370 353
371 353
372 353
373 270
374 270
375 270
376 270
377 371
378 371
379 371
380 371
381 254
382 254
383 254
384 254
385 304
386 304
387 304
388 304
389 354
390 354
391 354
392 354
393 320
394 320
395 320
396 320
397 271
398 271
399 271
400 271
401 255
402 255
403 255
404 255
405 305
406 305
407 305
408 305
409 355
410 355
411 355
412 355
413 372
414 372
415 372
416 372
417 321
418 321
419 321
420 321
421 256
422 256
423 256
424 256
425 306
426 306
427 306
428 306
429 356
430 356
431 356
432 356
433 272
434 272
435 272
436 272
437 373
438 373
439 373
440 373
441 257
442 257
443 257
444 257
445 307
446 307
447 307
448 307
449 357
450 357
451 357
452 357
453 322
454 322
455 322
456 322
457 274
458 274
459 274
460 274
461 258
462 258
463 258
464 258
465 308
466 308
467 308
468 308
469 358
470 358
471 358
472 358
473 374
474 374
475 374
476 374
477 324
478 324
479 324
480 324
481 259
482 259
483 259
484 259
485 309
486 309
487 309
488 309
489 359
490 359
491 359
492 359
493 275
494 275
495 275
496 275
497 376
498 376
499 376
500 376
501 260
502 260
503 260
504 260
505 310
506 310
507 310
508 310
509 360
510 360
511 360
512 360
513 326
514 326
515 326
516 326
517 276
518 276
519 276
520 276
521 261
522 261
523 261
524 261
525 311
526 311
527 311
528 311
529 361
530 361
531 361
532 361
533 377
534 377
535 377
536 377
537 327
538 327
539 327
540 327
541 262
542 262
543 262
544 262
545 312
546 312
547 312
548 312
549 362
550 362
551 362
552 362
553 277
554 277
555 277
556 277
557 378
558 378
559 378
560 378
561 65535
562 65535
563 65535
564 65535
565 65535
566 65535
567 65535
568 65535
569 65535
570 65535
571 65535
572 65535
573 65535
574 65535
575 65535
576 65535
577 65535
578 65535
579 65535
580 65535
581 65535
582 65535
583 65535
584 65535
585 65535
586 65535
587 65535
588 65535
589 65535
590 65535
591 65535
592 65535
593 65535
594 65535
595 65535
596 65535
597 65535
598 65535
599 65535
600 65535
601 265
602 265
603 265
604 265
605 315
606 315
607 315
608 315
609 365
610 365
611 365
612 365
613 328
614 328
615 328
616 328
617 65535
618 65535
619 65535
620 65535
621 65535
622 65535
623 65535
624 65535
625 65535
626 65535
627 65535
628 65535
629 65535
630 65535
631 65535
632 65535
633 65535
634 65535
635 65535
636 65535
637 65535
638 65535
639 65535
640 65535
641 65535
642 65535
643 65535
644 65535
645 65535
646 65535
647 65535
648 65535
649 65535
650 65535
651 65535
652 65535
653 65535
654 65535
655 65535
656 65535
657 65535
658 65535
659 65535
660 65535
661 65535
662 65535
663 65535
664 65535
665 65535
666 65535
667 65535
668 65535
669 65535
670 65535
671 65535
672 65535
673 65535
674 65535
675 65535
676 65535
677 65535
678 65535
679 65535
680 65535
681 65535
682 65535
683 65535
684 65535
685 65535
686 65535
687 65535
688 65535
689 65535
690 65535
691 65535
692 65535
693 65535
694 65535
695 65535
696 65535
697 65535
698 65535
699 65535
700 65535
701 65535
702 65535
703 65535
704 65535
705 65535
706 65535
707 65535
708 65535
709 65535
710 65535
711 65535
712 65535
713 65535
714 65535
715 65535
716 65535
717 65535
718 65535
719 65535
720 65535
721 65535
722 65535
723 65535
724 65535
725 65535
726 65535
727 65535
728 65535
729 65535
730 65535
731 65535
732 65535
733 65535
734 65535
735 65535
736 65535
737 65535
738 65535
739 65535
740 65535
741 65535
742 65535
743 65535
744 65535
745 65535
746 65535
747 65535
748 65535
749 65535
750 65535
751 65535
752 65535
753 65535
754 65535
755 65535
756 65535
757 65535
758 65535
759 65535
760 65535
761 273
762 273
763 273
764 273
765 323
766 323
767 323
768 323
769 65535
770 65535
771 65535
772 65535
773 65535
774 65535
775 65535
776 65535
777 65535
778 65535
779 65535
780 65535
781 65535
782 65535
783 65535
784 65535
785 65535
786 65535
787 65535
788 65535
789 65535
790 65535
791 65535
792 65535
793 65535
794 65535
795 65535
796 65535
797 65535
798 65535
799 65535
800 65535
801 65535
802 65535
803 65535
804 65535
805 325
806 325
807 325
808 325
809 375
810 375
811 375
812 375
813 278
814 278
815 278
816 278
817 65535
818 65535
819 65535
820 65535
821 65535
822 65535
823 65535
824 65535
825 65535
826 65535
827 65535
828 65535
829 65535
830 65535
831 65535
832 65535
833 65535
834 65535
835 65535
836 65535
837 65535
838 65535
839 65535
840 65535
841 65535
842 65535
843 65535
844 65535
845 65535
846 65535
847 65535
848 65535
849 65535
850 65535
851 65535
852 65535
853 65535
854 65535
855 65535
856 65535
857 65535
858 65535
859 65535
860 65535
861 65535
862 65535
863 65535
864 65535
865 65535
866 65535
867 65535
868 65535
869 65535
870 65535
871 65535
872 65535
873 65535
874 65535
875 65535
876 65535
877 65535
878 65535
879 65535
880 65535
881 65535
882 65535
883 65535
884 65535
885 65535
886 65535
887 65535
888 65535
889 65535
890 65535
891 65535
892 65535
893 65535
894 65535
895 65535
896 65535
897 65535
898 65535
899 65535
900 65535
901 65535
902 65535
903 65535
904 65535
905 65535
906 65535
907 65535
908 65535
909 65535
910 65535
911 65535
912 65535
913 65535
914 65535
915 65535
916 65535
917 65535
918 65535
919 65535
920 65535
921 65535
922 65535
923 65535
924 65535
925 65535
926 65535
927 65535
928 65535
929 65535
930 65535
931 65535
932 65535
933 65535
934 65535
935 65535
936 65535
937 65535
938 65535
939 65535
940 65535
941 65535
942 65535
943 65535
944 65535
945 65535
946 65535
947 65535
948 65535
949 65535
950 65535
951 65535
952 65535
953 65535
954 65535
955 65535
956 65535
957 65535
958 65535
959 65535
960 65535
961 283
962 283
963 283
964 283
965 65535
966 65535
967 65535
968 65535
969 65535
970 65535
971 65535
972 65535
973 65535
974 65535
975 65535
976 65535
977 65535
978 65535
979 65535
980 65535
981 65535
982 65535
983 65535
984 65535
985 65535
986 65535
987 65535
988 65535
989 65535
990 65535
991 65535
992 65535
993 65535
994 65535
995 65535
996 65535
997 65535
998 65535
999 65535
1000 65535
1001 65535
1002 65535
1003 65535
1004 65535
1005 65535
1006 65535
1007 65535
1008 65535
1009 65535
1010 65535
1011 65535
1012 65535
1013 65535
1014 65535
1015 65535
1016 65535
1017 65535
1018 65535
1019 65535
1020 65535
1021 65535
1022 65535
1023 65535
1024 65535
1025 65535
1026 65535
1027 65535
1028 65535
1029 65535
1030 65535
1031 65535
1032 65535
1033 65535
1034 65535
1035 65535
1036 65535
1037 65535
1038 65535
1039 65535
1040 65535
1041 65535
1042 65535
1043 65535
1044 65535
1045 65535
1046 65535
1047 65535
1048 65535
1049 65535
1050 65535
1051 65535
1052 65535
1053 65535
1054 65535
1055 65535
1056 65535
1057 65535
1058 65535
1059 65535
1060 65535
1061 65535
1062 65535
1063 65535
1064 65535
1065 65535
1066 65535
1067 65535
1068 65535
1069 65535
1070 65535
1071 65535
1072 65535
1073 65535
1074 65535
1075 65535
1076 65535
1077 65535
1078 65535
1079 65535
1080 65535
1081 65535
1082 65535
1083 65535
1084 65535
1085 65535
1086 65535
1087 65535
1088 65535
1089 65535
1090 65535
1091 65535
1092 65535
1093 65535
1094 65535
1095 65535
1096 65535
1097 65535
1098 65535
1099 65535
1100 65535
1101 65535
1102 65535
1103 65535
1104 65535
1105 65535
1106 65535
1107 65535
1108 65535
1109 65535
1110 65535
1111 65535
1112 65535
1113 65535
1114 65535
1115 65535
1116 65535
1117 65535
1118 65535
1119 65535
1120 65535
1121 65535
1122 65535
1123 65535
1124 65535
1125 65535
1126 65535
1127 65535
1128 65535
1129 65535
1130 65535
1131 65535
1132 65535
1133 65535
1134 65535
1135 65535
1136 65535
1137 65535
1138 65535
1139 65535
1140 65535
1141 65535
1142 65535
1143 65535
1144 65535
1145 65535
1146 65535
1147 65535
1148 65535
1149 65535
1150 65535
1151 65535
1152 65535
1153 65535
1154 65535
1155 65535
1156 65535
1157 65535
1158 65535
1159 65535
1160 65535
1161 65535
1162 65535
1163 65535
1164 65535
1165 65535
1166 65535
1167 65535
1168 65535
1169 65535
1170 65535
1171 65535
1172 65535
1173 65535
1174 65535
1175 65535
1176 65535
1177 65535
1178 65535
1179 65535
1180 65535
1181 65535
1182 65535
1183 65535
1184 65535
1185 65535
1186 65535
1187 65535
1188 65535
1189 65535
1190 65535
1191 65535
1192 65535
1193 65535
1194 65535
1195 65535
1196 65535
1197 65535
1198 65535
1199 65535
1200 65535
1201 65535
1202 65535
1203 65535
1204 65535
1205 65535
1206 65535
1207 65535
1208 65535
1209 65535
1210 65535
1211 65535
1212 65535
1213 65535
1214 65535
1215 65535
1216 65535
1217 65535
1218 65535
1219 65535
1220 65535
1221 65535
1222 65535
1223 65535
1224 65535
1225 65535
1226 65535
1227 65535
1228 65535
1229 65535
1230 65535
1231 65535
1232 65535
1233 65535
1234 65535
1235 65535
1236 65535
1237 65535
1238 65535
1239 65535
1240 65535
1241 65535
1242 65535
1243 65535
1244 65535
1245 65535
1246 65535
1247 65535
1248 65535
1249 65535
1250 65535
1251 65535
1252 65535
1253 65535
1254 65535
1255 65535
1256 65535
1257 65535
1258 65535
1259 65535
1260 65535
1261 65535
1262 65535
1263 65535
1264 65535
1265 65535
1266 65535
1267 65535
1268 65535
1269 65535
1270 65535
1271 65535
1272 65535
1273 65535
1274 65535
1275 65535
1276 65535
1277 65535
1278 65535
1279 65535
1280 65535
1281 65535
1282 65535
1283 65535
1284 65535
1285 65535
1286 65535
1287 65535
1288 65535
1289 65535
1290 65535
1291 65535
1292 65535
1293 65535
1294 65535
1295 65535
1296 65535
1297 65535
1298 65535
1299 65535
1300 65535
1301 65535
1302 65535
1303 65535
1304 65535
1305 65535
1306 65535
1307 65535
1308 65535
1309 65535
1310 65535
1311 65535
1312 65535
1313 65535
1314 65535
1315 65535
1316 65535
1317 65535
1318 65535
1319 65535
1320 65535
1321 65535
1322 65535
1323 65535
1324 65535
1325 65535
1326 65535
1327 65535
1328 65535
1329 65535
1330 65535
1331 65535
1332 65535
1333 65535
1334 65535
1335 65535
1336 65535
1337 65535
1338 65535
1339 65535
1340 65535
1341 65535
1342 65535
1343 65535
1344 65535
1345 65535
1346 65535
1347 65535
1348 65535
1349 65535
1350 65535
1351 65535
1352 65535
1353 65535
1354 65535
1355 65535
1356 65535
1357 65535
1358 65535
1359 65535
1360 65535
1361 65535
1362 65535
1363 65535
1364 65535
1365 65535
1366 65535
1367 65535
1368 65535
1369 65535
1370 65535
1371 65535
1372 65535
1373 65535
1374 65535
1375 65535
1376 65535
1377 65535
1378 65535
1379 65535
1380 65535
1381 65535
1382 65535
1383 65535
1384 65535
1385 65535
1386 65535
1387 65535
1388 65535
1389 65535
1390 65535
1391 65535
1392 65535
1393 65535
1394 65535
1395 65535
1396 65535
1397 65535
1398 65535
1399 65535
1400 65535
