1 755 24576 CCP9
2 755 24581 CCP9
3 755 24586 CCP9
4 706 20480 CCP8
5 705 20485 CCP8
6 756 24591 CCP9
7 705 20490 CCP8
8 756 24596 CCP9
9 757 24601 CCP9
10 705 20495 CCP8
11 707 20500 CCP8
12 706 20505 CCP8
13 707 20510 CCP8
14 708 20515 CCP8
15 706 20520 CCP8
16 757 24606 CCP9
17 757 24611 CCP9
18 758 24616 CCP9
19 759 24621 CCP9
20 756 24626 CCP9
21 708 20525 CCP8
22 708 20530 CCP8
23 709 20535 CCP8
24 710 20540 CCP8
25 707 20545 CCP8
26 759 24631 CCP9
27 758 24636 CCP9
28 759 24641 CCP9
29 760 24646 CCP9
30 758 24651 CCP9
31 710 20550 CCP8
32 709 20555 CCP8
33 710 20560 CCP8
34 711 20565 CCP8
35 709 20570 CCP8
36 761 24656 CCP9
37 760 24661 CCP9
38 761 24666 CCP9
39 762 24671 CCP9
40 760 24676 CCP9
41 712 20575 CCP8
42 711 20580 CCP8
43 712 20585 CCP8
44 713 20590 CCP8
45 711 20595 CCP8
46 762 24681 CCP9
47 762 24686 CCP9
48 763 24691 CCP9
49 764 24696 CCP9
50 761 24701 CCP9
51 713 20600 CCP8
52 713 20605 CCP8
53 714 20610 CCP8
54 715 20615 CCP8
55 712 20620 CCP8
56 764 24706 CCP9
57 763 24711 CCP9
58 764 24716 CCP9
59 765 24721 CCP9
60 763 24726 CCP9
61 715 20625 CCP8
62 714 20630 CCP8
63 715 20635 CCP8
64 716 20640 CCP8
65 714 20645 CCP8
66 766 24731 CCP9
67 765 24736 CCP9
68 766 24741 CCP9
69 389 12413 CCP6
70 765 24746 CCP9
71 239 125 CCP3
72 716 20650 CCP8
73 339 8322 CCP5
74 389 12418 CCP6
75 716 20655 CCP8
76 240 130 CCP3
77 290 4226 CCP4
78 340 8327 CCP5
79 390 12423 CCP6
80 766 24751 CCP9
81 240 135 CCP3
82 290 4231 CCP4
83 340 8332 CCP5
84 390 12428 CCP6
85 440 16629 CCP7
86 240 245 CCP3
87 290 4341 CCP4
88 340 8337 CCP5
89 390 12433 CCP6
90 440 16534 CCP7
91 241 140 CCP3
92 291 4236 CCP4
93 341 8342 CCP5
94 391 12438 CCP6
95 441 16539 CCP7
96 241 145 CCP3
97 291 4241 CCP4
98 341 8347 CCP5
99 391 12443 CCP6
100 441 16544 CCP7
101 241 150 CCP3
102 291 4246 CCP4
103 341 8352 CCP5
104 391 12448 CCP6
105 441 16549 CCP7
106 242 155 CCP3
107 292 4251 CCP4
108 342 8357 CCP5
109 392 12453 CCP6
110 442 16554 CCP7
111 242 160 CCP3
112 292 4256 CCP4
113 342 8362 CCP5
114 392 12458 CCP6
115 442 16559 CCP7
116 242 165 CCP3
117 292 4261 CCP4
118 342 8367 CCP5
119 392 12463 CCP6
120 442 16564 CCP7
121 243 170 CCP3
122 293 4266 CCP4
123 343 8372 CCP5
124 393 12468 CCP6
125 443 16569 CCP7
126 243 175 CCP3
127 293 4271 CCP4
128 343 8377 CCP5
129 393 12473 CCP6
130 443 16574 CCP7
131 243 180 CCP3
132 293 4276 CCP4
133 343 8382 CCP5
134 393 12478 CCP6
135 443 16579 CCP7
136 244 185 CCP3
137 294 4281 CCP4
138 344 8387 CCP5
139 394 12483 CCP6
140 444 16584 CCP7
141 244 190 CCP3
142 294 4286 CCP4
143 344 8392 CCP5
144 394 12488 CCP6
145 444 16589 CCP7
146 244 195 CCP3
147 294 4291 CCP4
148 344 8397 CCP5
149 394 12493 CCP6
150 444 16594 CCP7
151 245 200 CCP3
152 295 4296 CCP4
153 345 8402 CCP5
154 395 12498 CCP6
155 445 16599 CCP7
156 245 205 CCP3
157 295 4301 CCP4
158 345 8407 CCP5
159 395 12503 CCP6
160 445 16604 CCP7
161 245 210 CCP3
162 295 4306 CCP4
163 345 8412 CCP5
164 395 12513 CCP6
165 445 16614 CCP7
166 246 220 CCP3
167 296 4311 CCP4
168 346 8417 CCP5
169 396 12508 CCP6
170 446 16609 CCP7
171 246 215 CCP3
172 296 4316 CCP4
173 346 8422 CCP5
174 396 12518 CCP6
175 446 16619 CCP7
176 246 225 CCP3
177 296 4321 CCP4
178 346 8427 CCP5
179 396 12523 CCP6
180 446 16624 CCP7
181 247 230 CCP3
182 297 4326 CCP4
183 347 8432 CCP5
184 397 12528 CCP6
185 447 16434 CCP7
186 247 40 CCP3
187 297 4141 CCP4
188 347 8237 CCP5
189 397 12333 CCP6
190 447 16439 CCP7
191 247 235 CCP3
192 297 4331 CCP4
193 347 8242 CCP5
194 397 12338 CCP6
195 447 16444 CCP7
196 248 45 CCP3
197 298 4146 CCP4
198 348 8247 CCP5
199 398 12343 CCP6
200 448 16449 CCP7
201 248 50 CCP3
202 298 4336 CCP4
203 348 8437 CCP5
204 398 12533 CCP6
205 448 16419 CCP7
206 248 25 CCP3
207 298 4126 CCP4
208 348 8222 CCP5
209 398 12318 CCP6
210 448 16424 CCP7
211 249 30 CCP3
212 299 4131 CCP4
213 349 8227 CCP5
214 399 12323 CCP6
215 449 16429 CCP7
216 249 35 CCP3
217 299 4136 CCP4
218 349 8232 CCP5
219 399 12328 CCP6
220 449 16404 CCP7
221 249 10 CCP3
222 299 4111 CCP4
223 349 8207 CCP5
224 399 12303 CCP6
225 449 16409 CCP7
226 250 15 CCP3
227 300 4116 CCP4
228 350 8212 CCP5
229 400 12308 CCP6
230 450 16414 CCP7
231 250 20 CCP3
232 300 4121 CCP4
233 350 8217 CCP5
234 400 12313 CCP6
235 450 16384 CCP7
236 250 0 CCP3
237 300 4096 CCP4
238 350 8192 CCP5
239 400 12288 CCP6
240 450 16389 CCP7
241 251 240 CCP3
242 301 4101 CCP4
243 351 8197 CCP5
244 401 12293 CCP6
245 451 16394 CCP7
246 251 5 CCP3
247 301 4106 CCP4
248 351 8202 CCP5
249 401 12298 CCP6
250 451 16399 CCP7
