1	C1 02 	00 50 
2	F3 02 	00 60 
3	C1 02 	05 50 
4	F3 02 	05 60 
5	C1 02 	0A 50 
6	F3 02 	0A 60 
7	C2 02 	0F 50 
8	F4 02 	0F 60 
9	C2 02 	14 50 
10	F4 02 	14 60 
11	C2 02 	19 50 
12	F4 02 	19 60 
13	C3 02 	1E 50 
14	F5 02 	1E 60 
15	C3 02 	23 50 
16	F5 02 	23 60 
17	C3 02 	28 50 
18	F5 02 	28 60 
19	C4 02 	2D 50 
20	F6 02 	2D 60 
21	C4 02 	32 50 
22	F6 02 	32 60 
23	C4 02 	37 50 
24	F6 02 	37 60 
25	C5 02 	3C 50 
26	F7 02 	3C 60 
27	C5 02 	41 50 
28	F7 02 	41 60 
29	C5 02 	46 50 
30	F7 02 	46 60 
31	C6 02 	4B 50 
32	F8 02 	4B 60 
33	C6 02 	50 50 
34	F8 02 	50 60 
35	C6 02 	55 50 
36	F8 02 	55 60 
37	C7 02 	5A 50 
38	F9 02 	5A 60 
39	C7 02 	5F 50 
40	F9 02 	5F 60 
41	C7 02 	64 50 
42	F9 02 	64 60 
43	C8 02 	69 50 
44	FA 02 	69 60 
45	C8 02 	6E 50 
46	FA 02 	6E 60 
47	C8 02 	73 50 
48	FA 02 	73 60 
49	C9 02 	78 50 
50	FB 02 	78 60 
51	C9 02 	7D 50 
52	FB 02 	7D 60 
53	C9 02 	82 50 
54	FB 02 	82 60 
55	CA 02 	87 50 
56	FC 02 	87 60 
57	CA 02 	8C 50 
58	FC 02 	8C 60 
59	CA 02 	91 50 
60	FC 02 	91 60 
61	CB 02 	96 50 
62	FD 02 	96 60 
63	CB 02 	9B 50 
64	FD 02 	9B 60 
65	CB 02 	A0 50 
66	EF 00 	78 00 
67	21 01 	78 10 
68	53 01 	7D 20 
69	85 01 	7D 30 
70	B7 01 	87 40 
71	EF 00 	7D 00 
72	21 01 	7D 10 
73	53 01 	82 20 
74	85 01 	82 30 
75	B7 01 	8C 40 
76	F0 00 	82 00 
77	22 01 	82 10 
78	54 01 	87 20 
79	86 01 	87 30 
80	B8 01 	91 40 
81	F0 00 	87 00 
82	22 01 	87 10 
83	54 01 	8C 20 
84	86 01 	8C 30 
85	B8 01 	F5 40 
86	F0 00 	F5 00 
87	22 01 	F5 10 
88	54 01 	91 20 
89	86 01 	91 30 
90	B8 01 	96 40 
91	F1 00 	8C 00 
92	23 01 	8C 10 
93	55 01 	96 20 
94	87 01 	96 30 
95	B9 01 	9B 40 
96	F1 00 	91 00 
97	23 01 	91 10 
98	55 01 	9B 20 
99	87 01 	9B 30 
100	B9 01 	A0 40 
101	F1 00 	96 00 
102	23 01 	96 10 
103	55 01 	A0 20 
104	87 01 	A0 30 
105	B9 01 	A5 40 
106	F2 00 	9B 00 
107	24 01 	9B 10 
108	56 01 	A5 20 
109	88 01 	A5 30 
110	BA 01 	AA 40 
111	F2 00 	A0 00 
112	24 01 	A0 10 
113	56 01 	AA 20 
114	88 01 	AA 30 
115	BA 01 	AF 40 
116	F2 00 	A5 00 
117	24 01 	A5 10 
118	56 01 	AF 20 
119	88 01 	AF 30 
120	BA 01 	B4 40 
121	F3 00 	AA 00 
122	25 01 	AA 10 
123	57 01 	B4 20 
124	89 01 	B4 30 
125	BB 01 	B9 40 
126	F3 00 	AF 00 
127	25 01 	AF 10 
128	57 01 	B9 20 
129	89 01 	B9 30 
130	BB 01 	BE 40 
131	F3 00 	B4 00 
132	25 01 	B4 10 
133	57 01 	BE 20 
134	89 01 	BE 30 
135	BB 01 	C3 40 
136	F4 00 	B9 00 
137	26 01 	B9 10 
138	58 01 	C3 20 
139	8A 01 	C3 30 
140	BC 01 	C8 40 
141	F4 00 	BE 00 
142	26 01 	BE 10 
143	58 01 	C8 20 
144	8A 01 	C8 30 
145	BC 01 	CD 40 
146	F4 00 	C3 00 
147	26 01 	C3 10 
148	58 01 	CD 20 
149	8A 01 	CD 30 
150	BC 01 	D2 40 
151	F5 00 	C8 00 
152	27 01 	C8 10 
153	59 01 	D2 20 
154	8B 01 	D2 30 
155	BD 01 	D7 40 
156	F5 00 	CD 00 
157	27 01 	CD 10 
158	59 01 	D7 20 
159	8B 01 	D7 30 
160	BD 01 	DC 40 
161	F5 00 	D2 00 
162	27 01 	D2 10 
163	59 01 	DC 20 
164	8B 01 	E1 30 
165	BD 01 	E6 40 
166	F6 00 	DC 00 
167	28 01 	D7 10 
168	5A 01 	E1 20 
169	8C 01 	DC 30 
170	BE 01 	E1 40 
171	F6 00 	D7 00 
172	28 01 	DC 10 
173	5A 01 	E6 20 
174	8C 01 	E6 30 
175	BE 01 	EB 40 
176	F6 00 	E1 00 
177	28 01 	E1 10 
178	5A 01 	EB 20 
179	8C 01 	EB 30 
180	BE 01 	F0 40 
181	F7 00 	E6 00 
182	29 01 	E6 10 
183	5B 01 	F0 20 
184	8D 01 	F0 30 
185	BF 01 	32 40 
186	F7 00 	28 00 
187	29 01 	2D 10 
188	5B 01 	2D 20 
189	8D 01 	2D 30 
190	BF 01 	37 40 
191	F7 00 	EB 00 
192	29 01 	EB 10 
193	5B 01 	32 20 
194	8D 01 	32 30 
195	BF 01 	3C 40 
196	F8 00 	2D 00 
197	2A 01 	32 10 
198	5C 01 	37 20 
199	8E 01 	37 30 
200	C0 01 	41 40 
201	F8 00 	32 00 
202	2A 01 	F0 10 
203	5C 01 	F5 20 
204	8E 01 	F5 30 
205	C0 01 	23 40 
206	F8 00 	19 00 
207	2A 01 	1E 10 
208	5C 01 	1E 20 
209	8E 01 	1E 30 
210	C0 01 	28 40 
211	F9 00 	1E 00 
212	2B 01 	23 10 
213	5D 01 	23 20 
214	8F 01 	23 30 
215	C1 01 	2D 40 
216	F9 00 	23 00 
217	2B 01 	28 10 
218	5D 01 	28 20 
219	8F 01 	28 30 
220	C1 01 	14 40 
221	F9 00 	0A 00 
222	2B 01 	0F 10 
223	5D 01 	0F 20 
224	8F 01 	0F 30 
225	C1 01 	19 40 
226	FA 00 	0F 00 
227	2C 01 	14 10 
228	5E 01 	14 20 
229	90 01 	14 30 
230	C2 01 	1E 40 
231	FA 00 	14 00 
232	2C 01 	19 10 
233	5E 01 	19 20 
234	90 01 	19 30 
235	C2 01 	00 40 
236	FA 00 	00 00 
237	2C 01 	00 10 
238	5E 01 	00 20 
239	90 01 	00 30 
240	C2 01 	05 40 
241	FB 00 	F0 00 
242	2D 01 	05 10 
243	5F 01 	05 20 
244	91 01 	05 30 
245	C3 01 	0A 40 
246	FB 00 	05 00 
247	2D 01 	0A 10 
248	5F 01 	0A 20 
249	91 01 	0A 30 
250	C3 01 	0F 40 
