1 705 20480
2 755 24576
3 705 20485
4 755 24581
5 705 20490
6 755 24586
7 706 20495
8 756 24591
9 706 20500
10 756 24596
11 706 20505
12 756 24601
13 707 20510
14 757 24606
15 707 20515
16 757 24611
17 707 20520
18 757 24616
19 708 20525
20 758 24621
21 708 20530
22 758 24626
23 708 20535
24 758 24631
25 709 20540
26 759 24636
27 709 20545
28 759 24641
29 709 20550
30 759 24646
31 710 20555
32 760 24651
33 710 20560
34 760 24656
35 710 20565
36 760 24661
37 711 20570
38 761 24666
39 711 20575
40 761 24671
41 711 20580
42 761 24676
43 712 20585
44 762 24681
45 712 20590
46 762 24686
47 712 20595
48 762 24691
49 713 20600
50 763 24696
51 713 20605
52 763 24701
53 713 20610
54 763 24706
55 714 20615
56 764 24711
57 714 20620
58 764 24716
59 714 20625
60 764 24721
61 715 20630
62 765 24726
63 715 20635
64 765 24731
65 715 20640
66 239 120
67 289 4216
68 339 8317
69 389 12413
70 439 16519
71 239 125
72 289 4221
73 339 8322
74 389 12418
75 439 16524
76 240 130
77 290 4226
78 340 8327
79 390 12423
80 440 16529
81 240 135
82 290 4231
83 340 8332
84 390 12428
85 440 16629
86 240 245
87 290 4341
88 340 8337
89 390 12433
90 440 16534
91 241 140
92 291 4236
93 341 8342
94 391 12438
95 441 16539
96 241 145
97 291 4241
98 341 8347
99 391 12443
100 441 16544
101 241 150
102 291 4246
103 341 8352
104 391 12448
105 441 16549
106 242 155
107 292 4251
108 342 8357
109 392 12453
110 442 16554
111 242 160
112 292 4256
113 342 8362
114 392 12458
115 442 16559
116 242 165
117 292 4261
118 342 8367
119 392 12463
120 442 16564
121 243 170
122 293 4266
123 343 8372
124 393 12468
125 443 16569
126 243 175
127 293 4271
128 343 8377
129 393 12473
130 443 16574
131 243 180
132 293 4276
133 343 8382
134 393 12478
135 443 16579
136 244 185
137 294 4281
138 344 8387
139 394 12483
140 444 16584
141 244 190
142 294 4286
143 344 8392
144 394 12488
145 444 16589
146 244 195
147 294 4291
148 344 8397
149 394 12493
150 444 16594
151 245 200
152 295 4296
153 345 8402
154 395 12498
155 445 16599
156 245 205
157 295 4301
158 345 8407
159 395 12503
160 445 16604
161 245 210
162 295 4306
163 345 8412
164 395 12513
165 445 16614
166 246 220
167 296 4311
168 346 8417
169 396 12508
170 446 16609
171 246 215
172 296 4316
173 346 8422
174 396 12518
175 446 16619
176 246 225
177 296 4321
178 346 8427
179 396 12523
180 446 16624
181 247 230
182 297 4326
183 347 8432
184 397 12528
185 447 16434
186 247 40
187 297 4141
188 347 8237
189 397 12333
190 447 16439
191 247 235
192 297 4331
193 347 8242
194 397 12338
195 447 16444
196 248 45
197 298 4146
198 348 8247
199 398 12343
200 448 16449
201 248 50
202 298 4336
203 348 8437
204 398 12533
205 448 16419
206 248 25
207 298 4126
208 348 8222
209 398 12318
210 448 16424
211 249 30
212 299 4131
213 349 8227
214 399 12323
215 449 16429
216 249 35
217 299 4136
218 349 8232
219 399 12328
220 449 16404
221 249 10
222 299 4111
223 349 8207
224 399 12303
225 449 16409
226 250 15
227 300 4116
228 350 8212
229 400 12308
230 450 16414
231 250 20
232 300 4121
233 350 8217
234 400 12313
235 450 16384
236 250 0
237 300 4096
238 350 8192
239 400 12288
240 450 16389
241 251 240
242 301 4101
243 351 8197
244 401 12293
245 451 16394
246 251 5
247 301 4106
248 351 8202
249 401 12298
250 451 16399
