1	09 00 	00 00 
2	0A 00 	00 20 
3	0B 00 	00 40 
4	0C 00 	00 60 
5	0D 00 	00 80 
6	0E 00 	00 A0 
7	0F 00 	00 C0 
8	10 00 	00 E0 
9	11 00 	01 00 
10	12 00 	01 20 
11	13 00 	01 40 
12	14 00 	01 60 
13	15 00 	01 80 
14	16 00 	01 A0 
15	17 00 	01 C0 
16	18 00 	01 E0 
17	19 00 	02 00 
18	1A 00 	02 20 
19	1B 00 	02 40 
20	1C 00 	02 60 
21	1D 00 	02 80 
22	1E 00 	02 A0 
23	1F 00 	02 C0 
24	20 00 	02 E0 
25	21 00 	03 00 
26	22 00 	03 20 
27	23 00 	03 40 
28	24 00 	03 60 
29	25 00 	03 80 
30	26 00 	03 A0 
31	27 00 	03 C0 
32	28 00 	03 E0 
33	29 00 	04 00 
34	2A 00 	04 20 
35	2B 00 	04 40 
36	2C 00 	04 60 
37	2D 00 	04 80 
38	2E 00 	04 A0 
39	2F 00 	04 C0 
40	30 00 	04 E0 
41	31 00 	05 00 
42	32 00 	05 20 
43	33 00 	05 40 
44	34 00 	05 60 
45	35 00 	05 80 
46	36 00 	05 A0 
47	37 00 	05 C0 
48	38 00 	05 E0 
49	39 00 	06 00 
50	3A 00 	06 20 
51	3B 00 	06 40 
52	3C 00 	06 60 
53	3D 00 	06 80 
54	3E 00 	06 A0 
55	3F 00 	06 C0 
56	40 00 	06 E0 
57	41 00 	07 00 
58	42 00 	07 20 
59	43 00 	07 40 
60	44 00 	07 60 
61	45 00 	07 80 
62	46 00 	07 A0 
63	47 00 	07 C0 
64	48 00 	07 E0 
65	49 00 	08 00 
66	4A 00 	08 20 
67	4B 00 	08 40 
68	4C 00 	08 60 
69	4D 00 	08 80 
70	4E 00 	08 A0 
71	4F 00 	08 C0 
72	50 00 	08 E0 
73	51 00 	09 00 
74	52 00 	09 20 
75	53 00 	09 40 
76	54 00 	09 60 
77	55 00 	09 80 
78	56 00 	09 A0 
79	57 00 	09 C0 
80	58 00 	09 E0 
81	59 00 	0A 00 
82	5A 00 	0A 20 
83	5B 00 	0A 40 
84	5C 00 	0A 60 
85	5D 00 	0A 80 
86	5E 00 	0A A0 
87	5F 00 	0A C0 
88	60 00 	0A E0 
89	61 00 	0B 00 
90	62 00 	0B 20 
91	63 00 	0B 40 
92	64 00 	0B 60 
93	65 00 	0B 80 
94	66 00 	0B A0 
95	67 00 	0B C0 
96	68 00 	0B E0 
97	69 00 	0C 00 
98	6A 00 	0C 20 
99	6B 00 	0C 40 
100	6C 00 	0C 60 
101	6D 00 	0C 80 
102	6E 00 	0C A0 
103	6F 00 	0C C0 
104	70 00 	0C E0 
105	71 00 	0D 00 
106	72 00 	0D 20 
107	73 00 	0D 40 
108	74 00 	0D 60 
109	75 00 	0D 80 
110	76 00 	0D A0 
111	77 00 	0D C0 
112	78 00 	0D E0 
113	79 00 	0E 00 
114	7A 00 	0E 20 
115	7B 00 	0E 40 
116	7C 00 	0E 60 
117	7D 00 	0E 80 
118	7E 00 	0E A0 
119	7F 00 	0E C0 
120	80 00 	0E E0 
121	81 00 	1D 00 
122	82 00 	1D 20 
123	83 00 	1D 40 
124	84 00 	1D 60 
125	85 00 	1D 80 
126	86 00 	1D A0 
127	87 00 	1D C0 
128	88 00 	1D E0 
129	89 00 	1E 00 
130	8A 00 	1E 20 
131	8B 00 	1E 40 
132	8C 00 	1E 60 
133	8D 00 	1E 80 
134	8E 00 	1E A0 
135	8F 00 	1E C0 
136	90 00 	1E E0 
137	91 00 	1F 00 
138	92 00 	1F 20 
139	93 00 	1F 40 
140	94 00 	1F 60 
141	95 00 	1F 80 
142	96 00 	1F A0 
143	97 00 	1F C0 
144	98 00 	1F E0 
145	99 00 	20 00 
146	9A 00 	20 20 
147	9B 00 	20 40 
148	9C 00 	20 60 
149	9D 00 	20 80 
150	9E 00 	20 A0 
151	9F 00 	20 C0 
152	A0 00 	20 E0 
153	A1 00 	21 00 
154	A2 00 	21 20 
155	A3 00 	21 40 
156	A4 00 	21 60 
157	A5 00 	21 80 
158	A6 00 	21 A0 
159	A7 00 	21 C0 
160	A8 00 	21 E0 
161	A9 00 	22 00 
162	AA 00 	22 20 
163	AB 00 	22 40 
164	AC 00 	22 60 
165	AD 00 	22 80 
166	AE 00 	22 A0 
167	AF 00 	22 C0 
168	B0 00 	22 E0 
169	B1 00 	23 00 
170	B2 00 	23 20 
171	B3 00 	23 40 
172	B4 00 	23 60 
173	B5 00 	23 80 
174	B6 00 	23 A0 
175	B7 00 	23 C0 
176	B8 00 	23 E0 
177	B9 00 	24 00 
178	BA 00 	24 20 
179	BB 00 	24 40 
180	BC 00 	24 60 
181	BD 00 	24 80 
182	BE 00 	24 A0 
183	BF 00 	24 C0 
184	C0 00 	24 E0 
185	C1 00 	25 00 
186	C2 00 	25 20 
187	C3 00 	25 40 
188	C4 00 	25 60 
189	C5 00 	25 80 
190	C6 00 	25 A0 
191	C7 00 	25 C0 
192	C8 00 	25 E0 
