24576
24581
24586
20480
20485
24591
20490
24596
24601
20495
20500
20505
20510
20515
20520
24606
24611
24616
24621
24626
20525
20530
20535
20540
20545
24631
24636
24641
24646
24651
20550
20555
20560
20565
20570
24656
24661
24666
24671
24676
20575
20580
20585
20590
20595
24681
24686
24691
24696
24701
20600
20605
20610
20615
20620
24706
24711
24716
24721
24726
20625
20630
20635
20640
20645
24731
24736
24741
12413
24746
125
20650
8322
12418
20655
130
4226
8327
12423
24751
135
4231
8332
12428
16629
245
4341
8337
12433
16534
140
4236
8342
12438
16539
145
4241
8347
12443
16544
150
4246
8352
12448
16549
155
4251
8357
12453
16554
160
4256
8362
12458
16559
165
4261
8367
12463
16564
170
4266
8372
12468
16569
175
4271
8377
12473
16574
180
4276
8382
12478
16579
185
4281
8387
12483
16584
190
4286
8392
12488
16589
195
4291
8397
12493
16594
200
4296
8402
12498
16599
205
4301
8407
12503
16604
210
4306
8412
12513
16614
220
4311
8417
12508
16609
215
4316
8422
12518
16619
225
4321
8427
12523
16624
230
4326
8432
12528
16434
40
4141
8237
12333
16439
235
4331
8242
12338
16444
45
4146
8247
12343
16449
50
4336
8437
12533
16419
25
4126
8222
12318
16424
30
4131
8227
12323
16429
35
4136
8232
12328
16404
10
4111
8207
12303
16409
15
4116
8212
12308
16414
20
4121
8217
12313
16384
0
4096
8192
12288
16389
240
4101
8197
12293
16394
5
4106
8202
12298
16399
